0 ham [0.91213354 0.08786646]
1 ham [0.80793898 0.19206102]
2 spam [2.10897318e-13 1.00000000e+00]
3 ham [9.99028299e-01 9.71700801e-04]
4 ham [9.99332660e-01 6.67340331e-04]
5 spam [0.1569247 0.8430753]
6 ham [9.99994696e-01 5.30403683e-06]
7 ham [1.0000000e+00 2.0382031e-11]
8 spam [3.28860074e-15 1.00000000e+00]
9 spam [8.52648156e-15 1.00000000e+00]
10 ham [9.99999772e-01 2.27582305e-07]
11 spam [1.58377999e-07 9.99999842e-01]
12 spam [1.04734352e-08 9.99999990e-01]
13 ham [9.99999824e-01 1.76372261e-07]
14 ham [0.88954819 0.11045181]
15 spam [0.0076111 0.9923889]
16 spam [0.3703534 0.6296466]
17 ham [9.99194374e-01 8.05625667e-04]
18 ham [9.99975548e-01 2.44522907e-05]
19 spam [4.42356591e-07 9.99999558e-01]
20 ham [0.99102619 0.00897381]
21 ham [0.5333716 0.4666284]
22 ham [0.98912543 0.01087457]
23 ham [9.99999999e-01 6.14321713e-10]
24 ham [9.99970254e-01 2.97456664e-05]
25 ham [0.88259892 0.11740108]
26 ham [0.97197317 0.02802683]
27 ham [9.99999999e-01 5.34127244e-10]
28 ham [9.99999883e-01 1.16641762e-07]
29 ham [0.94933615 0.05066385]
30 ham [1.00000000e+00 3.94867418e-10]
31 ham [9.99999997e-01 2.57572840e-09]
32 ham [0.99783851 0.00216149]
33 ham [0.99867369 0.00132631]
34 spam [0.00183564 0.99816436]
35 ham [1.00000000e+00 1.60269509e-10]
36 ham [9.99999829e-01 1.70679495e-07]
37 ham [9.99798785e-01 2.01214894e-04]
38 ham [0.65968707 0.34031293]
39 ham [0.99480687 0.00519313]
40 ham [9.99888574e-01 1.11426346e-04]
41 ham [1.00000000e+00 2.36211705e-15]
42 spam [2.44403802e-13 1.00000000e+00]
43 ham [0.92937305 0.07062695]
44 ham [9.99997905e-01 2.09487595e-06]
45 ham [0.90550673 0.09449327]
46 ham [0.99318684 0.00681316]
47 ham [0.80452669 0.19547331]
48 ham [9.99997756e-01 2.24440119e-06]
49 ham [0.9970832 0.0029168]
50 ham [9.99999859e-01 1.40849107e-07]
51 ham [9.99967735e-01 3.22647661e-05]
52 ham [0.98572466 0.01427534]
53 ham [1.00000000e+00 1.76575425e-14]
54 spam [8.78253928e-04 9.99121746e-01]
55 ham [0.9984936 0.0015064]
56 spam [1.56133927e-16 1.00000000e+00]
57 ham [9.99897953e-01 1.02047003e-04]
58 ham [0.99606707 0.00393293]
59 ham [0.86579827 0.13420173]
60 ham [9.99793067e-01 2.06933381e-04]
61 ham [0.94308451 0.05691549]
62 ham [0.9262151 0.0737849]
63 ham [9.99999484e-01 5.15930576e-07]
64 ham [9.99995657e-01 4.34299233e-06]
65 spam [0.00322743 0.99677257]
66 ham [0.96924912 0.03075088]
67 spam [4.10297574e-10 1.00000000e+00]
68 ham [0.99729431 0.00270569]
69 ham [0.97373298 0.02626702]
70 spam [0.36423967 0.63576033]
71 ham [0.98842731 0.01157269]
72 spam [0.39660658 0.60339342]
73 ham [0.84787667 0.15212333]
74 ham [0.99861344 0.00138656]
75 ham [9.99416914e-01 5.83086473e-04]
76 ham [9.99999856e-01 1.44351548e-07]
77 ham [9.99990927e-01 9.07282464e-06]
78 ham [9.9941321e-01 5.8678982e-04]
79 ham [9.99996745e-01 3.25496060e-06]
80 ham [9.99760430e-01 2.39570246e-04]
81 ham [9.99863717e-01 1.36282773e-04]
82 ham [9.99999998e-01 2.32686504e-09]
83 ham [9.99999868e-01 1.31720102e-07]
84 spam [0.44875497 0.55124503]
85 ham [0.96271069 0.03728931]
86 ham [9.99903186e-01 9.68138139e-05]
87 ham [9.99938767e-01 6.12328475e-05]
88 ham [9.99747035e-01 2.52964683e-04]
89 ham [0.5779784 0.4220216]
90 spam [0.03166751 0.96833249]
91 ham [1.00000000e+00 1.36999277e-12]
92 ham [0.99844327 0.00155673]
93 spam [1.51525171e-20 1.00000000e+00]
94 ham [9.99703726e-01 2.96274131e-04]
95 spam [1.44146081e-07 9.99999856e-01]
96 spam [0.40311078 0.59688922]
97 ham [9.99992433e-01 7.56699133e-06]
98 ham [9.99999939e-01 6.13500938e-08]
99 ham [0.99098764 0.00901236]
100 ham [0.99134943 0.00865057]
101 ham [0.98744666 0.01255334]
102 ham [0.9906512 0.0093488]
103 ham [9.99996777e-01 3.22270720e-06]
104 ham [9.99971041e-01 2.89591762e-05]
105 ham [9.99962833e-01 3.71673496e-05]
106 ham [0.9975987 0.0024013]
107 ham [9.99150894e-01 8.49105594e-04]
108 ham [0.98440417 0.01559583]
109 ham [0.99590289 0.00409711]
110 ham [0.86823293 0.13176707]
111 ham [0.99712558 0.00287442]
112 ham [0.90602872 0.09397128]
113 ham [9.99999998e-01 2.25751140e-09]
114 spam [3.86402297e-22 1.00000000e+00]
115 spam [0.10571339 0.89428661]
116 ham [1.00000000e+00 4.61200547e-14]
117 spam [1.72531293e-19 1.00000000e+00]
118 spam [0.00709303 0.99290697]
119 ham [0.99381159 0.00618841]
120 spam [1.2840116e-10 1.0000000e+00]
121 spam [3.83406341e-12 1.00000000e+00]
122 ham [9.99575194e-01 4.24805753e-04]
123 spam [1.92827651e-13 1.00000000e+00]
124 ham [9.99799572e-01 2.00428241e-04]
125 ham [0.66922405 0.33077595]
126 ham [0.95726549 0.04273451]
127 ham [1.00000000e+00 2.56063412e-13]
128 ham [9.99308685e-01 6.91315198e-04]
129 spam [0.01021971 0.98978029]
130 ham [0.99638688 0.00361312]
131 ham [0.89751198 0.10248802]
132 ham [0.85348722 0.14651278]
133 ham [0.89773476 0.10226524]
134 spam [0.25494287 0.74505713]
135 spam [3.27940184e-14 1.00000000e+00]
136 spam [0.12070438 0.87929562]
137 ham [0.99897769 0.00102231]
138 ham [0.94916381 0.05083619]
139 spam [0.00140281 0.99859719]
140 ham [9.99626835e-01 3.73165089e-04]
141 ham [9.99999450e-01 5.50193346e-07]
142 spam [0.27828129 0.72171871]
143 ham [0.59801435 0.40198565]
144 ham [9.99987946e-01 1.20539015e-05]
145 ham [0.99236677 0.00763323]
146 spam [0.33450461 0.66549539]
147 spam [9.83855851e-05 9.99901614e-01]
148 ham [0.94526036 0.05473964]
149 ham [0.90817215 0.09182785]
150 ham [0.99887236 0.00112764]
151 ham [9.99768503e-01 2.31497139e-04]
152 ham [9.99621709e-01 3.78290709e-04]
153 spam [0.49820013 0.50179987]
154 ham [9.99996777e-01 3.22270720e-06]
155 ham [1.00000000e+00 3.03199615e-22]
156 ham [0.99743978 0.00256022]
157 ham [0.93708047 0.06291953]
158 ham [1.00000000e+00 4.28698841e-15]
159 spam [1.16492586e-06 9.99998835e-01]
160 spam [4.29916157e-21 1.00000000e+00]
161 ham [1.00000000e+00 9.87270979e-14]
162 ham [0.99851062 0.00148938]
163 ham [9.99990854e-01 9.14597621e-06]
164 spam [0.00110125 0.99889875]
165 spam [9.58310496e-05 9.99904169e-01]
166 ham [0.77490184 0.22509816]
167 spam [1.0925958e-18 1.0000000e+00]
168 spam [0.23999435 0.76000565]
169 ham [0.92484989 0.07515011]
170 ham [0.7822771 0.2177229]
171 ham [0.98384325 0.01615675]
172 ham [0.99240081 0.00759919]
173 ham [9.99878899e-01 1.21100500e-04]
174 ham [0.99790473 0.00209527]
175 ham [9.99992797e-01 7.20284547e-06]
176 ham [9.99999998e-01 1.97745240e-09]
177 ham [9.99356768e-01 6.43231687e-04]
178 ham [9.99999999e-01 6.38552321e-10]
179 ham [9.99999992e-01 7.71713179e-09]
180 ham [9.99961217e-01 3.87829716e-05]
181 ham [9.99999989e-01 1.10397806e-08]
182 ham [0.98333722 0.01666278]
183 ham [9.99999869e-01 1.31491056e-07]
184 ham [0.82537839 0.17462161]
185 ham [0.86162678 0.13837322]
186 ham [9.99997036e-01 2.96386386e-06]
187 ham [0.99873794 0.00126206]
188 spam [2.47494858e-20 1.00000000e+00]
189 ham [9.99999914e-01 8.55659640e-08]
190 ham [9.99981636e-01 1.83641808e-05]
191 ham [0.82894319 0.17105681]
192 ham [9.99999956e-01 4.37931215e-08]
193 ham [0.91183642 0.08816358]
194 ham [0.85086833 0.14913167]
195 ham [9.99936565e-01 6.34345026e-05]
196 ham [9.99521500e-01 4.78499626e-04]
197 ham [9.99993941e-01 6.05893704e-06]
198 ham [0.98466741 0.01533259]
199 ham [1.00000000e+00 3.99724869e-15]
200 ham [9.99338416e-01 6.61583550e-04]
201 ham [0.99620627 0.00379373]
202 ham [9.99999834e-01 1.65937184e-07]
203 spam [0.33738959 0.66261041]
204 ham [0.61215124 0.38784876]
205 ham [0.9832851 0.0167149]
206 ham [9.99697124e-01 3.02876090e-04]
207 ham [1.00000000e+00 2.56873943e-14]
208 spam [0.17288998 0.82711002]
209 spam [0.24615517 0.75384483]
210 ham [9.99063189e-01 9.36811293e-04]
211 ham [9.99996904e-01 3.09586321e-06]
212 ham [9.99805527e-01 1.94473304e-04]
213 ham [0.81262944 0.18737056]
214 ham [0.70807217 0.29192783]
215 ham [9.99295954e-01 7.04045863e-04]
216 spam [0.12003426 0.87996574]
217 ham [0.82083651 0.17916349]
218 ham [0.61292531 0.38707469]
219 ham [9.99311977e-01 6.88022744e-04]
220 ham [1.00000000e+00 1.69178773e-15]
221 ham [0.93752223 0.06247777]
222 ham [9.99136359e-01 8.63641195e-04]
223 ham [9.99730117e-01 2.69883009e-04]
224 ham [9.99317033e-01 6.82967046e-04]
225 spam [2.24208402e-09 9.99999998e-01]
226 ham [9.99977294e-01 2.27063587e-05]
227 spam [7.48918154e-07 9.99999251e-01]
228 spam [0.29481022 0.70518978]
229 spam [0.12428894 0.87571106]
230 ham [9.99967864e-01 3.21358173e-05]
231 ham [0.89618618 0.10381382]
232 ham [0.99618073 0.00381927]
233 ham [0.84471766 0.15528234]
234 ham [0.94707111 0.05292889]
235 spam [2.15482323e-06 9.99997845e-01]
236 ham [9.99082358e-01 9.17641561e-04]
237 ham [9.99996052e-01 3.94797254e-06]
238 ham [0.71781002 0.28218998]
239 ham [0.82074429 0.17925571]
240 ham [0.51029096 0.48970904]
241 ham [9.99822732e-01 1.77267758e-04]
242 spam [0.22084218 0.77915782]
243 ham [0.99040599 0.00959401]
244 ham [9.99999991e-01 8.63098202e-09]
245 ham [0.97320237 0.02679763]
246 ham [9.99999964e-01 3.57766169e-08]
247 ham [0.90998992 0.09001008]
248 ham [0.55906118 0.44093882]
249 ham [9.99997709e-01 2.29149937e-06]
250 spam [1.41212714e-21 1.00000000e+00]
251 spam [0.04689224 0.95310776]
252 ham [0.91308054 0.08691946]
253 ham [0.99657114 0.00342886]
254 ham [0.99880684 0.00119316]
255 ham [9.99904517e-01 9.54834275e-05]
256 ham [9.99583748e-01 4.16252209e-04]
257 ham [0.98842391 0.01157609]
258 ham [9.99999975e-01 2.46583739e-08]
259 spam [1.55201719e-12 1.00000000e+00]
260 ham [9.99989052e-01 1.09476376e-05]
261 ham [0.8562963 0.1437037]
262 ham [9.99998202e-01 1.79789474e-06]
263 spam [0.02190721 0.97809279]
264 spam [0.02540825 0.97459175]
265 ham [0.97373716 0.02626284]
266 spam [0.37317016 0.62682984]
267 ham [9.99634114e-01 3.65886183e-04]
268 spam [8.61394140e-10 9.99999999e-01]
269 ham [0.84442064 0.15557936]
270 spam [2.15616706e-06 9.99997844e-01]
271 spam [0.1138117 0.8861883]
272 ham [0.9968565 0.0031435]
273 spam [4.82429953e-06 9.99995176e-01]
274 ham [0.99391678 0.00608322]
275 spam [0.44555918 0.55444082]
276 ham [0.8562963 0.1437037]
277 ham [0.83472189 0.16527811]
278 ham [9.99998392e-01 1.60758147e-06]
279 ham [9.99948504e-01 5.14961270e-05]
280 spam [0.24566339 0.75433661]
281 ham [0.99192469 0.00807531]
282 ham [9.99928634e-01 7.13661533e-05]
283 ham [0.94883719 0.05116281]
284 ham [0.8562963 0.1437037]
285 ham [9.99999999e-01 6.52991224e-10]
286 ham [9.99992653e-01 7.34734269e-06]
287 ham [0.8562963 0.1437037]
288 ham [1.00000000e+00 6.64811498e-12]
289 ham [9.99999904e-01 9.58670710e-08]
290 ham [0.91464485 0.08535515]
291 ham [0.67488367 0.32511633]
292 ham [0.96869814 0.03130186]
293 ham [0.99403469 0.00596531]
294 ham [0.99848918 0.00151082]
295 spam [0.29585073 0.70414927]
296 spam [2.72636404e-14 1.00000000e+00]
297 ham [0.97675269 0.02324731]
298 ham [1.00000000e+00 2.25715397e-13]
299 ham [0.76962224 0.23037776]
300 ham [9.99671352e-01 3.28647593e-04]
301 ham [9.99997382e-01 2.61812512e-06]
302 ham [9.99985541e-01 1.44593266e-05]
303 ham [9.99999957e-01 4.28090220e-08]
304 ham [0.95277687 0.04722313]
305 spam [2.49449015e-05 9.99975055e-01]
306 ham [9.99915818e-01 8.41822696e-05]
307 ham [0.99744577 0.00255423]
308 ham [0.94624308 0.05375692]
309 spam [3.59362019e-06 9.99996406e-01]
310 ham [0.83589184 0.16410816]
311 spam [0.00406491 0.99593509]
312 spam [1.18961555e-05 9.99988104e-01]
313 ham [1.00000000e+00 2.47304813e-12]
314 ham [9.99999998e-01 1.94443286e-09]
315 ham [9.99998632e-01 1.36756363e-06]
316 ham [0.80026288 0.19973712]
317 ham [0.99870266 0.00129734]
318 ham [0.92736754 0.07263246]
319 spam [8.82495577e-16 1.00000000e+00]
320 ham [0.93443394 0.06556606]
321 ham [9.99813581e-01 1.86419263e-04]
322 ham [9.99584226e-01 4.15774470e-04]
323 spam [0.18812447 0.81187553]
324 ham [9.99925092e-01 7.49082559e-05]
325 ham [0.99871892 0.00128108]
326 ham [0.90580073 0.09419927]
327 ham [0.72197363 0.27802637]
328 ham [9.99927856e-01 7.21440603e-05]
329 ham [9.99784299e-01 2.15701386e-04]
330 ham [9.99993318e-01 6.68226702e-06]
331 spam [0.44485036 0.55514964]
332 ham [9.99330368e-01 6.69631531e-04]
333 spam [5.75046008e-08 9.99999942e-01]
334 ham [0.72213333 0.27786667]
335 spam [0.01190615 0.98809385]
336 ham [9.99993625e-01 6.37495407e-06]
337 ham [0.90277314 0.09722686]
338 spam [0.44485036 0.55514964]
339 ham [9.99733956e-01 2.66043876e-04]
340 ham [0.84885549 0.15114451]
341 ham [0.95995525 0.04004475]
342 ham [0.9982383 0.0017617]
343 ham [0.84122266 0.15877734]
344 ham [9.99838493e-01 1.61506604e-04]
345 ham [0.76819231 0.23180769]
346 ham [0.99533038 0.00466962]
347 ham [0.99647516 0.00352484]
348 spam [0.42997523 0.57002477]
349 spam [5.58557072e-06 9.99994414e-01]
350 ham [9.99795129e-01 2.04871327e-04]
351 ham [0.97486712 0.02513288]
352 ham [9.99999999e-01 1.23448731e-09]
353 ham [0.92191509 0.07808491]
354 ham [9.99997604e-01 2.39586580e-06]
355 ham [0.91640778 0.08359222]
356 ham [9.99992689e-01 7.31147820e-06]
357 spam [8.62813762e-22 1.00000000e+00]
358 spam [1.12875940e-05 9.99988712e-01]
359 ham [9.99999988e-01 1.18519483e-08]
360 ham [9.99359104e-01 6.40896074e-04]
361 ham [0.72300695 0.27699305]
362 ham [0.9648211 0.0351789]
363 ham [0.52570073 0.47429927]
364 ham [0.89945043 0.10054957]
365 ham [1.00000000e+00 1.01396952e-13]
366 ham [9.99999685e-01 3.15349597e-07]
367 spam [4.56120369e-09 9.99999995e-01]
368 spam [6.47864197e-05 9.99935214e-01]
369 ham [0.64021868 0.35978132]
370 ham [9.99956852e-01 4.31477228e-05]
371 ham [1.00000000e+00 1.17082259e-15]
372 ham [9.99995902e-01 4.09799781e-06]
373 ham [9.99978763e-01 2.12368355e-05]
374 ham [1.00000000e+00 6.50105052e-21]
375 spam [1.05102154e-04 9.99894898e-01]
376 ham [9.99384390e-01 6.15609751e-04]
377 spam [0.34592232 0.65407768]
378 ham [0.99858243 0.00141757]
379 ham [0.99338766 0.00661234]
380 ham [9.99703882e-01 2.96117567e-04]
381 ham [1.000000e+00 1.627309e-12]
382 ham [9.99758053e-01 2.41947387e-04]
383 ham [0.99301587 0.00698413]
384 ham [9.99993534e-01 6.46575007e-06]
385 spam [1.21764081e-04 9.99878236e-01]
386 spam [0.43763966 0.56236034]
387 ham [9.99909661e-01 9.03386261e-05]
388 ham [9.99982959e-01 1.70410602e-05]
389 spam [1.07786742e-19 1.00000000e+00]
390 ham [0.99368324 0.00631676]
391 ham [0.93083834 0.06916166]
392 ham [9.99798195e-01 2.01805240e-04]
393 ham [9.99896869e-01 1.03131349e-04]
394 ham [1.00000000e+00 3.52172094e-14]
395 ham [0.9977985 0.0022015]
396 spam [0.29824611 0.70175389]
397 ham [9.99251286e-01 7.48714098e-04]
398 ham [9.99999989e-01 1.05569568e-08]
399 ham [9.99763633e-01 2.36367181e-04]
400 ham [0.90368967 0.09631033]
401 spam [1.99882808e-10 1.00000000e+00]
402 ham [9.9979736e-01 2.0263972e-04]
403 ham [0.80376543 0.19623457]
404 ham [9.99843841e-01 1.56158533e-04]
405 ham [9.99394029e-01 6.05971387e-04]
406 ham [0.99470354 0.00529646]
407 ham [0.99897947 0.00102053]
408 ham [0.6120922 0.3879078]
409 ham [0.76170298 0.23829702]
410 spam [0.01695637 0.98304363]
411 ham [9.99984406e-01 1.55939355e-05]
412 ham [9.99966802e-01 3.31979885e-05]
413 spam [0.00838442 0.99161558]
414 ham [0.95438727 0.04561273]
415 spam [8.47461500e-04 9.99152538e-01]
416 ham [9.99289088e-01 7.10911911e-04]
417 ham [0.99888714 0.00111286]
418 spam [1.80064461e-08 9.99999982e-01]
419 ham [9.99978524e-01 2.14756839e-05]
420 spam [2.80254251e-09 9.99999997e-01]
421 ham [0.58354582 0.41645418]
422 spam [1.02624415e-04 9.99897376e-01]
423 ham [0.83864625 0.16135375]
424 spam [7.20937771e-13 1.00000000e+00]
425 spam [0.01156496 0.98843504]
426 ham [0.99366008 0.00633992]
427 ham [0.98312487 0.01687513]
428 spam [0.09239404 0.90760596]
429 ham [9.99997161e-01 2.83944127e-06]
430 ham [0.95480284 0.04519716]
431 ham [0.99795336 0.00204664]
432 spam [0.29274186 0.70725814]
433 spam [1.02294475e-10 1.00000000e+00]
434 spam [0.45266178 0.54733822]
435 ham [0.99041489 0.00958511]
436 ham [9.99873161e-01 1.26838793e-04]
437 ham [0.96484324 0.03515676]
438 ham [0.96153701 0.03846299]
439 spam [0.23562549 0.76437451]
440 ham [9.99999685e-01 3.15482750e-07]
441 ham [0.9910303 0.0089697]
442 ham [0.96908787 0.03091213]
443 ham [9.99996357e-01 3.64256643e-06]
444 ham [9.99711592e-01 2.88407760e-04]
445 spam [0.00192364 0.99807636]
446 ham [9.99997772e-01 2.22782736e-06]
447 ham [0.51369725 0.48630275]
448 ham [9.99999737e-01 2.63294377e-07]
449 ham [0.99891761 0.00108239]
450 ham [0.63910708 0.36089292]
451 ham [0.56494916 0.43505084]
452 ham [9.99999963e-01 3.73737238e-08]
453 ham [0.97142184 0.02857816]
454 ham [9.99999923e-01 7.70787221e-08]
455 spam [7.47228222e-05 9.99925277e-01]
456 ham [0.98085481 0.01914519]
457 ham [0.62078509 0.37921491]
458 ham [9.99893030e-01 1.06969519e-04]
459 ham [0.99823611 0.00176389]
460 ham [9.99835585e-01 1.64414593e-04]
461 ham [9.99979007e-01 2.09929879e-05]
462 ham [0.91619197 0.08380803]
463 spam [6.69909766e-12 1.00000000e+00]
464 ham [9.99684948e-01 3.15051764e-04]
465 ham [9.99998825e-01 1.17504287e-06]
466 ham [9.99844340e-01 1.55659635e-04]
467 ham [0.99778818 0.00221182]
468 ham [9.99787718e-01 2.12282226e-04]
469 ham [0.91679905 0.08320095]
470 ham [0.99736168 0.00263832]
471 spam [2.44957173e-09 9.99999998e-01]
472 ham [0.96078015 0.03921985]
473 ham [9.99999974e-01 2.62844679e-08]
474 spam [4.38793706e-14 1.00000000e+00]
475 spam [0.00389479 0.99610521]
476 ham [9.99441536e-01 5.58463624e-04]
477 ham [0.98268072 0.01731928]
478 spam [0.22057526 0.77942474]
479 ham [9.99986787e-01 1.32125530e-05]
480 ham [9.99984066e-01 1.59340371e-05]
481 ham [9.99602904e-01 3.97095953e-04]
482 ham [9.99988147e-01 1.18526728e-05]
483 ham [0.92594441 0.07405559]
484 ham [9.99254168e-01 7.45831891e-04]
485 spam [0.05290832 0.94709168]
486 ham [0.99097792 0.00902208]
487 spam [2.92093427e-09 9.99999997e-01]
488 ham [0.9687754 0.0312246]
489 ham [9.99963085e-01 3.69150823e-05]
490 ham [9.99866880e-01 1.33120489e-04]
491 ham [9.99998843e-01 1.15652376e-06]
492 spam [1.5746748e-16 1.0000000e+00]
493 ham [0.99641783 0.00358217]
494 ham [0.99566765 0.00433235]
495 ham [0.99875442 0.00124558]
496 ham [0.56494916 0.43505084]
497 ham [9.99998517e-01 1.48300848e-06]
498 ham [0.99802957 0.00197043]
499 spam [0.24389482 0.75610518]
500 ham [9.99692142e-01 3.07857988e-04]
501 ham [0.92651467 0.07348533]
502 ham [0.99731622 0.00268378]
503 ham [0.68394885 0.31605115]
504 spam [0.06171522 0.93828478]
505 spam [4.91938454e-12 1.00000000e+00]
506 ham [9.99998415e-01 1.58452054e-06]
507 ham [0.59366845 0.40633155]
508 ham [9.99999519e-01 4.80830462e-07]
509 ham [0.80344522 0.19655478]
510 spam [5.02173665e-07 9.99999498e-01]
511 ham [9.99999801e-01 1.98765648e-07]
512 ham [0.58928574 0.41071426]
513 ham [0.91559014 0.08440986]
514 ham [0.53095465 0.46904535]
515 spam [4.08349981e-10 1.00000000e+00]
516 spam [0.31421664 0.68578336]
517 spam [4.57617982e-10 1.00000000e+00]
518 spam [0.02769017 0.97230983]
519 ham [9.99999725e-01 2.75283688e-07]
520 ham [9.99885578e-01 1.14421937e-04]
521 ham [0.88475564 0.11524436]
522 ham [9.99990899e-01 9.10066618e-06]
523 ham [0.99143626 0.00856374]
524 ham [0.87631924 0.12368076]
525 spam [1.39986545e-11 1.00000000e+00]
526 ham [0.98564808 0.01435192]
527 spam [2.88173119e-08 9.99999971e-01]
528 ham [0.99754763 0.00245237]
529 spam [4.75224433e-04 9.99524776e-01]
530 ham [0.97496129 0.02503871]
531 spam [4.48397409e-12 1.00000000e+00]
532 ham [0.54531897 0.45468103]
533 ham [0.9950909 0.0049091]
534 ham [0.87515965 0.12484035]
535 ham [1.00000000e+00 2.60472938e-17]
536 ham [1.00000000e+00 4.33669564e-10]
537 ham [9.99978256e-01 2.17438520e-05]
538 ham [9.99637848e-01 3.62151745e-04]
539 ham [0.99888621 0.00111379]
540 ham [0.99889148 0.00110852]
541 spam [3.36707882e-05 9.99966329e-01]
542 spam [0.00589631 0.99410369]
543 ham [9.99980002e-01 1.99977728e-05]
544 spam [0.06679632 0.93320368]
545 ham [9.99908236e-01 9.17640598e-05]
546 ham [0.50808284 0.49191716]
547 ham [1.00000000e+00 1.85368324e-17]
548 ham [0.9549262 0.0450738]
549 ham [0.98972234 0.01027766]
550 ham [1.00000000e+00 3.65909808e-10]
551 ham [1.00000000e+00 4.21290542e-10]
552 spam [0.18864225 0.81135775]
553 spam [0.25153385 0.74846615]
554 ham [9.99999991e-01 9.15110425e-09]
555 ham [0.63854672 0.36145328]
556 spam [0.25676093 0.74323907]
557 ham [0.98534898 0.01465102]
558 ham [9.99999234e-01 7.65509946e-07]
559 ham [9.99961039e-01 3.89610242e-05]
560 ham [0.53651085 0.46348915]
561 ham [0.76116278 0.23883722]
562 ham [0.98770233 0.01229767]
563 ham [9.99999587e-01 4.12928161e-07]
564 spam [5.69388443e-22 1.00000000e+00]
565 ham [1.00000000e+00 8.63597544e-20]
566 ham [0.80488752 0.19511248]
567 ham [0.83685736 0.16314264]
568 ham [1.00000000e+00 1.79259643e-13]
569 ham [9.99983053e-01 1.69466756e-05]
570 ham [0.50356464 0.49643536]
571 ham [9.99999442e-01 5.58465553e-07]
572 ham [9.99987714e-01 1.22860948e-05]
573 ham [0.99543283 0.00456717]
574 ham [0.52328369 0.47671631]
575 ham [0.93908819 0.06091181]
576 spam [1.64485246e-10 1.00000000e+00]
577 ham [9.99997728e-01 2.27229154e-06]
578 ham [9.99983403e-01 1.65973842e-05]
579 spam [1.99931185e-09 9.99999998e-01]
580 ham [0.87355537 0.12644463]
581 ham [0.98436594 0.01563406]
582 ham [9.99997928e-01 2.07184815e-06]
583 spam [2.62786637e-14 1.00000000e+00]
584 ham [9.99994287e-01 5.71270649e-06]
585 ham [0.97646559 0.02353441]
586 ham [9.99921355e-01 7.86450896e-05]
587 ham [0.84172609 0.15827391]
588 ham [0.59304596 0.40695404]
589 spam [0.34124905 0.65875095]
590 ham [9.99917756e-01 8.22443212e-05]
591 spam [8.99114133e-07 9.99999101e-01]
592 spam [7.73928447e-12 1.00000000e+00]
593 spam [6.19673112e-11 1.00000000e+00]
594 ham [0.94193031 0.05806969]
595 ham [0.84240881 0.15759119]
596 ham [0.9966924 0.0033076]
597 ham [9.99927196e-01 7.28038086e-05]
598 spam [1.81180119e-06 9.99998188e-01]
599 ham [0.94883554 0.05116446]
600 ham [0.99894036 0.00105964]
601 spam [0.00818429 0.99181571]
602 ham [9.99994806e-01 5.19398255e-06]
603 ham [0.93860705 0.06139295]
604 ham [9.99631047e-01 3.68953429e-04]
605 ham [0.97282793 0.02717207]
606 ham [0.92839504 0.07160496]
607 spam [1.16529559e-04 9.99883470e-01]
608 ham [9.99999524e-01 4.75583037e-07]
609 ham [0.80489292 0.19510708]
610 ham [9.99477156e-01 5.22843960e-04]
611 spam [1.82068313e-05 9.99981793e-01]
612 ham [0.99680827 0.00319173]
613 ham [0.98160166 0.01839834]
614 spam [1.24514490e-04 9.99875486e-01]
615 ham [0.993602 0.006398]
616 ham [9.99999819e-01 1.80863128e-07]
617 ham [9.99997077e-01 2.92312151e-06]
618 ham [0.98379312 0.01620688]
619 ham [0.94163095 0.05836905]
620 spam [0.19824203 0.80175797]
621 ham [9.99994877e-01 5.12307340e-06]
622 ham [0.8677941 0.1322059]
623 spam [0.00643921 0.99356079]
624 ham [9.99817284e-01 1.82715566e-04]
625 ham [0.99221247 0.00778753]
626 ham [0.80821631 0.19178369]
627 ham [9.99297059e-01 7.02941035e-04]
628 ham [9.99999998e-01 2.03052166e-09]
629 spam [9.46867238e-06 9.99990531e-01]
630 spam [4.64302409e-12 1.00000000e+00]
631 ham [9.99970255e-01 2.97446359e-05]
632 ham [0.6862423 0.3137577]
633 ham [9.99873135e-01 1.26864882e-04]
634 spam [0.09506498 0.90493502]
635 spam [5.04437223e-08 9.99999950e-01]
636 ham [0.99477426 0.00522574]
637 ham [9.99996320e-01 3.68048879e-06]
638 ham [0.99424308 0.00575692]
639 ham [9.99172750e-01 8.27249678e-04]
640 ham [0.95970947 0.04029053]
641 ham [9.99999481e-01 5.18820127e-07]
642 ham [0.99792126 0.00207874]
643 ham [0.99893641 0.00106359]
644 ham [0.76544518 0.23455482]
645 ham [0.97311529 0.02688471]
646 ham [0.98007321 0.01992679]
647 ham [9.99999998e-01 2.38466198e-09]
648 spam [1.68824577e-10 1.00000000e+00]
649 ham [0.96866973 0.03133027]
650 spam [8.20977456e-13 1.00000000e+00]
651 spam [0.29670528 0.70329472]
652 ham [9.99860075e-01 1.39925451e-04]
653 ham [9.99995347e-01 4.65340901e-06]
654 ham [9.99954479e-01 4.55213420e-05]
655 ham [9.99981915e-01 1.80851599e-05]
656 ham [0.89861891 0.10138109]
657 ham [9.99998972e-01 1.02766389e-06]
658 ham [9.99999773e-01 2.27465731e-07]
659 ham [9.99996157e-01 3.84309955e-06]
660 spam [0.01067992 0.98932008]
661 spam [0.49652952 0.50347048]
662 spam [0.37080861 0.62919139]
663 ham [9.99053087e-01 9.46912639e-04]
664 ham [0.58815516 0.41184484]
665 ham [0.99525899 0.00474101]
666 spam [0.1461436 0.8538564]
667 ham [1.00000000e+00 1.35648339e-10]
668 ham [0.72876284 0.27123716]
669 ham [0.99637589 0.00362411]
670 ham [0.97049342 0.02950658]
671 spam [0.15729244 0.84270756]
672 spam [5.17786707e-06 9.99994822e-01]
673 spam [2.32374163e-10 1.00000000e+00]
674 ham [1.0000000e+00 2.9956271e-14]
675 ham [9.99998218e-01 1.78220391e-06]
676 ham [0.9973347 0.0026653]
677 ham [0.84006935 0.15993065]
678 ham [0.99771064 0.00228936]
679 ham [0.87718825 0.12281175]
680 ham [0.99858157 0.00141843]
681 ham [0.99310595 0.00689405]
682 spam [0.24954129 0.75045871]
683 ham [0.97183539 0.02816461]
684 ham [0.99600818 0.00399182]
685 ham [9.99999953e-01 4.72059056e-08]
686 ham [0.99339009 0.00660991]
687 spam [2.63629314e-04 9.99736371e-01]
688 ham [9.99998310e-01 1.69044627e-06]
689 ham [0.98365604 0.01634396]
690 ham [0.66968548 0.33031452]
691 ham [0.63131201 0.36868799]
692 spam [0.10816408 0.89183592]
693 ham [9.99988081e-01 1.19194905e-05]
694 ham [0.95975207 0.04024793]
695 ham [9.99997534e-01 2.46588841e-06]
696 ham [0.98269447 0.01730553]
697 ham [0.96441626 0.03558374]
698 ham [9.99999743e-01 2.56727962e-07]
699 ham [0.99751313 0.00248687]
700 spam [0.09039907 0.90960093]
701 ham [0.9976259 0.0023741]
702 ham [9.99745376e-01 2.54624274e-04]
703 ham [0.96650891 0.03349109]
704 ham [9.99998985e-01 1.01480742e-06]
705 ham [9.99843224e-01 1.56775616e-04]
706 ham [9.99998904e-01 1.09626087e-06]
707 ham [9.99397482e-01 6.02517748e-04]
708 ham [0.99477033 0.00522967]
709 spam [2.36083674e-06 9.99997639e-01]
710 spam [3.13993316e-21 1.00000000e+00]
711 spam [0.11660047 0.88339953]
712 ham [1.00000000e+00 7.66984537e-15]
713 spam [0.03683068 0.96316932]
714 ham [9.99989346e-01 1.06537512e-05]
715 ham [0.99768293 0.00231707]
716 ham [9.99996795e-01 3.20464270e-06]
717 spam [3.34269268e-09 9.99999997e-01]
718 ham [9.99998674e-01 1.32551128e-06]
719 spam [1.53214448e-23 1.00000000e+00]
720 ham [9.99999935e-01 6.53446937e-08]
721 ham [0.99516236 0.00483764]
722 ham [0.9867804 0.0132196]
723 ham [0.74399461 0.25600539]
724 ham [0.81249903 0.18750097]
725 ham [1.0000000e+00 3.7624027e-13]
726 spam [0.38357548 0.61642452]
727 ham [1.00000000e+00 7.64592535e-12]
728 ham [0.69858947 0.30141053]
729 spam [0.41782124 0.58217876]
730 ham [0.99841413 0.00158587]
731 spam [0.01028458 0.98971542]
732 ham [0.86018991 0.13981009]
733 ham [9.99996454e-01 3.54584921e-06]
734 ham [0.96654538 0.03345462]
735 ham [0.9124539 0.0875461]
736 ham [9.99299314e-01 7.00685505e-04]
737 ham [0.98895485 0.01104515]
738 spam [1.51314726e-07 9.99999849e-01]
739 ham [9.99322748e-01 6.77252437e-04]
740 ham [0.71585601 0.28414399]
741 ham [9.99999374e-01 6.26389419e-07]
742 ham [0.99647045 0.00352955]
743 ham [1.00000000e+00 1.30906719e-14]
744 ham [0.54469522 0.45530478]
745 ham [0.67126679 0.32873321]
746 ham [0.99654605 0.00345395]
747 ham [9.99999994e-01 5.67607746e-09]
748 spam [0.12853809 0.87146191]
749 ham [9.99996952e-01 3.04792170e-06]
