0 spam [0.43382573 0.56617427]
1 ham [0.94368768 0.05631232]
2 spam [3.36617276e-15 1.00000000e+00]
3 ham [0.99897007 0.00102993]
4 ham [9.99981614e-01 1.83858044e-05]
5 spam [0.07755594 0.92244406]
6 ham [9.99996152e-01 3.84760175e-06]
7 ham [1.0000000e+00 3.0343273e-14]
8 spam [1.27997146e-17 1.00000000e+00]
9 spam [1.5190655e-19 1.0000000e+00]
10 ham [9.99999959e-01 4.06892788e-08]
11 spam [1.39771765e-09 9.99999999e-01]
12 spam [4.68824198e-14 1.00000000e+00]
13 ham [9.99999988e-01 1.22681357e-08]
14 ham [0.70690408 0.29309592]
15 spam [2.82221999e-05 9.99971778e-01]
16 ham [0.65232106 0.34767894]
17 ham [9.99963067e-01 3.69332209e-05]
18 ham [9.99972229e-01 2.77712476e-05]
19 spam [1.87554057e-08 9.99999981e-01]
20 ham [0.99114194 0.00885806]
21 spam [0.44624713 0.55375287]
22 ham [9.99774645e-01 2.25355067e-04]
23 ham [9.99999999e-01 1.48620247e-09]
24 ham [9.99996875e-01 3.12451925e-06]
25 ham [9.99981797e-01 1.82032388e-05]
26 ham [0.99116713 0.00883287]
27 ham [1.00000000e+00 2.18120989e-11]
28 ham [9.99999998e-01 1.89330439e-09]
29 ham [9.99733310e-01 2.66690047e-04]
30 ham [9.99999999e-01 5.08613328e-10]
31 ham [1.00000000e+00 3.90028435e-10]
32 ham [0.99561945 0.00438055]
33 ham [0.98766149 0.01233851]
34 spam [1.03806181e-05 9.99989619e-01]
35 ham [1.000000e+00 4.842313e-11]
36 ham [9.99999974e-01 2.56550466e-08]
37 ham [9.99982147e-01 1.78533399e-05]
38 ham [0.61180457 0.38819543]
39 ham [9.99945575e-01 5.44252729e-05]
40 ham [9.99999485e-01 5.15221099e-07]
41 ham [1.00000000e+00 7.63363774e-22]
42 spam [1.33315241e-13 1.00000000e+00]
43 spam [0.36014949 0.63985051]
44 ham [9.99999982e-01 1.75948365e-08]
45 ham [0.97308971 0.02691029]
46 ham [0.98994616 0.01005384]
47 ham [0.72703464 0.27296536]
48 ham [9.99999898e-01 1.01531891e-07]
49 ham [9.99999872e-01 1.27950009e-07]
50 ham [9.99999980e-01 2.02834801e-08]
51 ham [9.99993573e-01 6.42651433e-06]
52 ham [0.9812329 0.0187671]
53 ham [1.00000000e+00 1.25672747e-18]
54 spam [2.55021782e-08 9.99999974e-01]
55 ham [0.99660419 0.00339581]
56 spam [6.55497194e-20 1.00000000e+00]
57 ham [9.99997999e-01 2.00146585e-06]
58 ham [0.99814668 0.00185332]
59 ham [0.81117505 0.18882495]
60 ham [9.99946273e-01 5.37271941e-05]
61 ham [0.87325461 0.12674539]
62 ham [0.9523872 0.0476128]
63 ham [9.99999991e-01 8.64563888e-09]
64 ham [9.99999831e-01 1.68623026e-07]
65 spam [0.00636021 0.99363979]
66 ham [0.97185991 0.02814009]
67 spam [2.68026231e-12 1.00000000e+00]
68 ham [9.99491495e-01 5.08505443e-04]
69 ham [0.99854986 0.00145014]
70 ham [0.63102661 0.36897339]
71 ham [0.93251448 0.06748552]
72 spam [0.00406341 0.99593659]
73 ham [0.64656491 0.35343509]
74 ham [0.99846978 0.00153022]
75 ham [0.99645032 0.00354968]
76 ham [9.99999967e-01 3.26938793e-08]
77 ham [9.99997660e-01 2.33981777e-06]
78 ham [9.99559324e-01 4.40676049e-04]
79 ham [9.99998998e-01 1.00177405e-06]
80 ham [9.99995470e-01 4.53017244e-06]
81 ham [9.99944521e-01 5.54792333e-05]
82 ham [1.00000000e+00 3.81237793e-10]
83 ham [9.99999918e-01 8.19965901e-08]
84 ham [0.67217938 0.32782062]
85 ham [0.99793553 0.00206447]
86 ham [9.99999794e-01 2.05972131e-07]
87 ham [9.99999915e-01 8.53108505e-08]
88 ham [9.99958665e-01 4.13347581e-05]
89 spam [0.31220672 0.68779328]
90 spam [0.04587879 0.95412121]
91 ham [1.00000000e+00 9.15580542e-15]
92 ham [0.87318073 0.12681927]
93 spam [1.52327405e-20 1.00000000e+00]
94 ham [9.99980731e-01 1.92693899e-05]
95 spam [6.51199414e-10 9.99999999e-01]
96 ham [0.56690821 0.43309179]
97 ham [9.99997324e-01 2.67631167e-06]
98 ham [9.99999950e-01 4.96209643e-08]
99 ham [9.99584435e-01 4.15564623e-04]
100 ham [0.9989008 0.0010992]
101 ham [0.99893053 0.00106947]
102 ham [0.99654569 0.00345431]
103 ham [9.99999745e-01 2.55258069e-07]
104 ham [9.99999837e-01 1.62542359e-07]
105 ham [9.99898851e-01 1.01149307e-04]
106 ham [0.99608753 0.00391247]
107 ham [9.99993101e-01 6.89893365e-06]
108 ham [0.99863656 0.00136344]
109 ham [9.99999139e-01 8.60574648e-07]
110 ham [0.98486665 0.01513335]
111 ham [9.99731745e-01 2.68255118e-04]
112 ham [0.86167085 0.13832915]
113 ham [1.00000000e+00 3.97647074e-10]
114 spam [1.57018713e-28 1.00000000e+00]
115 spam [0.15816276 0.84183724]
116 ham [1.00000000e+00 1.73915284e-17]
117 spam [1.28350414e-19 1.00000000e+00]
118 spam [0.02109926 0.97890074]
119 ham [0.99877498 0.00122502]
120 spam [1.41366697e-17 1.00000000e+00]
121 spam [8.60219038e-19 1.00000000e+00]
122 ham [9.99807059e-01 1.92940849e-04]
123 spam [9.24729276e-13 1.00000000e+00]
124 ham [9.99982292e-01 1.77081845e-05]
125 ham [0.84288022 0.15711978]
126 ham [0.9828031 0.0171969]
127 ham [1.0000000e+00 4.1822154e-17]
128 ham [9.99643205e-01 3.56795472e-04]
129 spam [1.87330255e-09 9.99999998e-01]
130 ham [0.9944186 0.0055814]
131 ham [0.97999818 0.02000182]
132 ham [0.69650909 0.30349091]
133 ham [0.9572588 0.0427412]
134 spam [1.13625028e-04 9.99886375e-01]
135 spam [1.05076834e-17 1.00000000e+00]
136 ham [0.84431604 0.15568396]
137 ham [9.99811911e-01 1.88089227e-04]
138 ham [0.9987902 0.0012098]
139 spam [4.87560054e-06 9.99995124e-01]
140 ham [9.99999985e-01 1.46207754e-08]
141 ham [9.99999813e-01 1.87293104e-07]
142 ham [0.73221309 0.26778691]
143 ham [0.9199129 0.0800871]
144 ham [9.99999534e-01 4.65801716e-07]
145 ham [0.99622532 0.00377468]
146 spam [0.25721327 0.74278673]
147 spam [3.59363968e-04 9.99640636e-01]
148 ham [0.89425939 0.10574061]
149 ham [0.86617086 0.13382914]
150 ham [0.99829986 0.00170014]
151 ham [9.99802733e-01 1.97266843e-04]
152 ham [9.99806859e-01 1.93140753e-04]
153 spam [0.08803822 0.91196178]
154 ham [9.99999745e-01 2.55258069e-07]
155 ham [1.00000000e+00 6.14150613e-25]
156 ham [0.99539461 0.00460539]
157 ham [0.99170876 0.00829124]
158 ham [1.00000000e+00 2.43447305e-17]
159 spam [4.88011101e-08 9.99999951e-01]
160 spam [4.86991513e-21 1.00000000e+00]
161 ham [1.00000000e+00 4.24288693e-16]
162 ham [0.99571163 0.00428837]
163 ham [9.99999214e-01 7.86036377e-07]
164 spam [9.22432551e-08 9.99999908e-01]
165 spam [7.89252425e-07 9.99999211e-01]
166 ham [0.98527135 0.01472865]
167 spam [6.28236804e-24 1.00000000e+00]
168 spam [0.4666447 0.5333553]
169 ham [0.99447296 0.00552704]
170 ham [0.95588497 0.04411503]
171 ham [0.99839862 0.00160138]
172 ham [0.97722807 0.02277193]
173 ham [9.99987405e-01 1.25947380e-05]
174 ham [0.99683323 0.00316677]
175 ham [9.99971804e-01 2.81961978e-05]
176 ham [9.99999996e-01 3.76458754e-09]
177 ham [9.99302052e-01 6.97948104e-04]
178 ham [9.99999999e-01 7.63905606e-10]
179 ham [9.99999898e-01 1.02322262e-07]
180 ham [0.95162613 0.04837387]
181 ham [9.99999999e-01 7.36050680e-10]
182 ham [0.99782755 0.00217245]
183 ham [9.99999985e-01 1.51747038e-08]
184 ham [0.97294539 0.02705461]
185 ham [0.79610961 0.20389039]
186 ham [9.99999464e-01 5.35921333e-07]
187 ham [9.99610260e-01 3.89739983e-04]
188 spam [1.12600693e-20 1.00000000e+00]
189 ham [9.99999866e-01 1.33721055e-07]
190 ham [9.99999973e-01 2.70221933e-08]
191 ham [0.95533762 0.04466238]
192 ham [1.00000000e+00 2.39639298e-10]
193 ham [0.96366496 0.03633504]
194 ham [0.99503665 0.00496335]
195 ham [9.99999456e-01 5.43748315e-07]
196 ham [9.9975388e-01 2.4611994e-04]
197 ham [9.99996850e-01 3.15038609e-06]
198 ham [0.98252441 0.01747559]
199 ham [1.00000000e+00 1.76659108e-14]
200 ham [0.99749473 0.00250527]
201 ham [9.99585944e-01 4.14055632e-04]
202 ham [9.99999662e-01 3.38180738e-07]
203 spam [9.35643229e-05 9.99906436e-01]
204 spam [0.49464869 0.50535131]
205 ham [0.97770438 0.02229562]
206 ham [9.99562799e-01 4.37200949e-04]
207 ham [1.00000000e+00 1.58336805e-17]
208 spam [0.11702194 0.88297806]
209 spam [0.2271307 0.7728693]
210 ham [0.99858705 0.00141295]
211 ham [9.99999466e-01 5.34293332e-07]
212 ham [9.9975733e-01 2.4267016e-04]
213 ham [0.72678276 0.27321724]
214 ham [0.97660668 0.02339332]
215 ham [9.99190983e-01 8.09016889e-04]
216 spam [0.08290346 0.91709654]
217 ham [0.96371294 0.03628706]
218 ham [0.50652014 0.49347986]
219 ham [9.99891342e-01 1.08657929e-04]
220 ham [1.00000000e+00 4.08490434e-18]
221 ham [0.97208225 0.02791775]
222 ham [9.99311092e-01 6.88908027e-04]
223 ham [9.99995044e-01 4.95583204e-06]
224 ham [9.99992219e-01 7.78124127e-06]
225 spam [2.94773525e-12 1.00000000e+00]
226 ham [9.99988885e-01 1.11151229e-05]
227 spam [5.32710085e-07 9.99999467e-01]
228 spam [0.30640804 0.69359196]
229 spam [0.22416296 0.77583704]
230 ham [9.99971312e-01 2.86877469e-05]
231 ham [0.58138581 0.41861419]
232 ham [9.99145098e-01 8.54902108e-04]
233 ham [0.9950985 0.0049015]
234 ham [0.92323279 0.07676721]
235 spam [3.51162094e-08 9.99999965e-01]
236 ham [9.99989347e-01 1.06528558e-05]
237 ham [9.99997085e-01 2.91466784e-06]
238 ham [0.87078228 0.12921772]
239 ham [0.95909184 0.04090816]
240 spam [0.16548925 0.83451075]
241 ham [9.99615927e-01 3.84072631e-04]
242 spam [0.04273831 0.95726169]
243 ham [0.99743472 0.00256528]
244 ham [9.99999976e-01 2.39838340e-08]
245 ham [0.98560565 0.01439435]
246 ham [1.00000000e+00 1.88198614e-10]
247 ham [0.99581285 0.00418715]
248 spam [0.45279667 0.54720333]
249 ham [9.99999474e-01 5.26031398e-07]
250 spam [1.55851063e-24 1.00000000e+00]
251 spam [0.0382852 0.9617148]
252 ham [0.90360335 0.09639665]
253 ham [9.99164761e-01 8.35239160e-04]
254 ham [0.9974364 0.0025636]
255 ham [9.99981788e-01 1.82120830e-05]
256 ham [9.99925181e-01 7.48194905e-05]
257 ham [0.98614012 0.01385988]
258 ham [9.99999999e-01 1.28699200e-09]
259 spam [3.5105543e-14 1.0000000e+00]
260 ham [9.99978876e-01 2.11235256e-05]
261 ham [0.94755144 0.05244856]
262 ham [9.99993627e-01 6.37317268e-06]
263 spam [4.07872551e-04 9.99592127e-01]
264 spam [0.32005588 0.67994412]
265 ham [0.95623281 0.04376719]
266 spam [0.19181326 0.80818674]
267 ham [9.99861066e-01 1.38934289e-04]
268 spam [5.66591514e-14 1.00000000e+00]
269 ham [0.98050691 0.01949309]
270 spam [4.99264626e-08 9.99999950e-01]
271 spam [0.02143012 0.97856988]
272 ham [0.98868213 0.01131787]
273 spam [3.61752009e-07 9.99999638e-01]
274 ham [9.99148874e-01 8.51126006e-04]
275 ham [0.92397997 0.07602003]
276 ham [0.78323355 0.21676645]
277 ham [0.93053754 0.06946246]
278 ham [9.99999639e-01 3.61447840e-07]
279 ham [9.99988059e-01 1.19409149e-05]
280 ham [0.67125747 0.32874253]
281 ham [0.98250989 0.01749011]
282 ham [9.99942940e-01 5.70596871e-05]
283 ham [0.99711006 0.00288994]
284 ham [0.78323355 0.21676645]
285 ham [1.00000000e+00 1.57582453e-12]
286 ham [9.99999786e-01 2.14267701e-07]
287 ham [0.78323355 0.21676645]
288 ham [1.00000000e+00 2.34547157e-11]
289 ham [1.00000000e+00 1.14188275e-12]
290 ham [0.87149451 0.12850549]
291 ham [0.80715804 0.19284196]
292 ham [0.99788423 0.00211577]
293 ham [0.99075492 0.00924508]
294 ham [9.99643645e-01 3.56355347e-04]
295 ham [0.8542813 0.1457187]
296 spam [4.78500613e-18 1.00000000e+00]
297 ham [0.68527358 0.31472642]
298 ham [1.00000000e+00 9.86941895e-12]
299 ham [0.99664009 0.00335991]
300 ham [9.99234402e-01 7.65597561e-04]
301 ham [9.99999193e-01 8.07279424e-07]
302 ham [9.99978795e-01 2.12053545e-05]
303 ham [9.99998493e-01 1.50716780e-06]
304 ham [0.99301412 0.00698588]
305 spam [1.96284419e-08 9.99999980e-01]
306 ham [9.99991000e-01 8.99982594e-06]
307 ham [0.99773026 0.00226974]
308 ham [0.9639373 0.0360627]
309 spam [3.77505587e-07 9.99999622e-01]
310 ham [0.96269127 0.03730873]
311 spam [1.31185607e-05 9.99986881e-01]
312 spam [3.56817812e-08 9.99999964e-01]
313 ham [1.0000000e+00 3.2466266e-13]
314 ham [1.00000000e+00 3.26485241e-11]
315 ham [9.99999499e-01 5.00917049e-07]
316 ham [0.71452999 0.28547001]
317 ham [0.99640871 0.00359129]
318 ham [0.98849964 0.01150036]
319 spam [5.14770809e-21 1.00000000e+00]
320 ham [0.94745134 0.05254866]
321 ham [0.99864671 0.00135329]
322 ham [9.99679504e-01 3.20496055e-04]
323 spam [0.16502723 0.83497277]
324 ham [9.99959254e-01 4.07455374e-05]
325 ham [9.99971421e-01 2.85793676e-05]
326 ham [0.98362585 0.01637415]
327 ham [0.88342468 0.11657532]
328 ham [9.99803589e-01 1.96410639e-04]
329 ham [9.99833686e-01 1.66314206e-04]
330 ham [9.99999892e-01 1.07645192e-07]
331 spam [0.33359944 0.66640056]
332 ham [9.99035652e-01 9.64347558e-04]
333 spam [8.53791627e-10 9.99999999e-01]
334 ham [0.99216237 0.00783763]
335 spam [2.84332532e-04 9.99715667e-01]
336 ham [9.99998220e-01 1.77994395e-06]
337 ham [0.9841502 0.0158498]
338 ham [0.83349955 0.16650045]
339 ham [9.99995176e-01 4.82443605e-06]
340 spam [0.33731527 0.66268473]
341 ham [0.98939289 0.01060711]
342 ham [9.99992740e-01 7.25972647e-06]
343 ham [0.87157568 0.12842432]
344 ham [9.99754060e-01 2.45939853e-04]
345 ham [0.93981891 0.06018109]
346 ham [0.9943992 0.0056008]
347 ham [9.99609399e-01 3.90601305e-04]
348 spam [0.32574577 0.67425423]
349 spam [2.26655100e-06 9.99997733e-01]
350 ham [9.99986721e-01 1.32788001e-05]
351 ham [0.99769212 0.00230788]
352 ham [1.00000000e+00 2.07133141e-10]
353 ham [0.97956466 0.02043534]
354 ham [9.99998531e-01 1.46883381e-06]
355 ham [0.7036381 0.2963619]
356 ham [0.9605015 0.0394985]
357 spam [1.17318021e-24 1.00000000e+00]
358 spam [4.03001798e-07 9.99999597e-01]
359 ham [9.99999996e-01 3.84313633e-09]
360 ham [9.99992720e-01 7.28043056e-06]
361 ham [0.50618823 0.49381177]
362 ham [0.97198634 0.02801366]
363 ham [0.58673955 0.41326045]
364 ham [0.98651821 0.01348179]
365 ham [1.00000000e+00 5.84375209e-18]
366 ham [9.99999631e-01 3.69161708e-07]
367 spam [1.29483655e-14 1.00000000e+00]
368 spam [7.06915394e-08 9.99999929e-01]
369 ham [0.6743217 0.3256783]
370 ham [9.99966733e-01 3.32672674e-05]
371 ham [1.00000000e+00 3.41573493e-20]
372 ham [9.99999620e-01 3.80460297e-07]
373 ham [9.99993685e-01 6.31541884e-06]
374 ham [1.00000000e+00 5.75356595e-22]
375 spam [2.44084560e-06 9.99997559e-01]
376 ham [9.99199174e-01 8.00826354e-04]
377 spam [0.30872707 0.69127293]
378 ham [0.99865371 0.00134629]
379 ham [0.9899476 0.0100524]
380 ham [9.99997560e-01 2.43960804e-06]
381 ham [1.00000000e+00 6.63636508e-14]
382 ham [9.99834708e-01 1.65291943e-04]
383 ham [0.98453961 0.01546039]
384 ham [9.99975763e-01 2.42366587e-05]
385 spam [8.21109591e-09 9.99999992e-01]
386 ham [0.64659189 0.35340811]
387 ham [0.99899638 0.00100362]
388 ham [9.99961006e-01 3.89941676e-05]
389 spam [9.49952316e-23 1.00000000e+00]
390 ham [0.99862593 0.00137407]
391 ham [0.91242158 0.08757842]
392 ham [9.99487799e-01 5.12201045e-04]
393 ham [9.99742043e-01 2.57956559e-04]
394 ham [1.0000000e+00 4.0793792e-15]
395 ham [9.99669169e-01 3.30831106e-04]
396 spam [0.220262 0.779738]
397 ham [9.99941752e-01 5.82475332e-05]
398 ham [9.99999805e-01 1.95374949e-07]
399 ham [0.99525235 0.00474765]
400 ham [0.67332793 0.32667207]
401 spam [5.43094321e-13 1.00000000e+00]
402 ham [9.99900304e-01 9.96956109e-05]
403 ham [0.80108965 0.19891035]
404 ham [9.99767581e-01 2.32419243e-04]
405 ham [9.99141544e-01 8.58456346e-04]
406 ham [9.99894447e-01 1.05553189e-04]
407 ham [9.99946138e-01 5.38622950e-05]
408 ham [0.80300521 0.19699479]
409 ham [0.66607903 0.33392097]
410 spam [2.26745930e-04 9.99773254e-01]
411 ham [9.99970550e-01 2.94503136e-05]
412 ham [9.99959980e-01 4.00201947e-05]
413 spam [0.01209994 0.98790006]
414 ham [0.90741995 0.09258005]
415 spam [9.06711770e-04 9.99093288e-01]
416 ham [0.99701987 0.00298013]
417 ham [9.99073806e-01 9.26194288e-04]
418 spam [5.44480433e-10 9.99999999e-01]
419 ham [9.99998448e-01 1.55230786e-06]
420 spam [8.85097966e-13 1.00000000e+00]
421 spam [0.48183331 0.51816669]
422 spam [1.89043066e-05 9.99981096e-01]
423 ham [0.76874722 0.23125278]
424 spam [3.03787046e-18 1.00000000e+00]
425 spam [0.01837646 0.98162354]
426 ham [9.99439729e-01 5.60271142e-04]
427 ham [0.98030052 0.01969948]
428 spam [0.11774667 0.88225333]
429 ham [9.99999696e-01 3.04142348e-07]
430 ham [0.99488639 0.00511361]
431 ham [0.99204745 0.00795255]
432 ham [0.54493591 0.45506409]
433 spam [2.42582673e-14 1.00000000e+00]
434 spam [0.34317916 0.65682084]
435 ham [0.99888296 0.00111704]
436 ham [9.99806819e-01 1.93180502e-04]
437 ham [0.99049362 0.00950638]
438 ham [0.99589831 0.00410169]
439 ham [0.87090331 0.12909669]
440 ham [9.99999992e-01 8.45281129e-09]
441 ham [0.98779019 0.01220981]
442 ham [0.9812368 0.0187632]
443 ham [9.99999979e-01 2.08728272e-08]
444 ham [9.99993263e-01 6.73740399e-06]
445 spam [2.40294831e-05 9.99975971e-01]
446 ham [9.99999985e-01 1.52520443e-08]
447 ham [0.74654005 0.25345995]
448 ham [9.99999989e-01 1.09195020e-08]
449 ham [9.99201074e-01 7.98926211e-04]
450 ham [0.64897424 0.35102576]
451 ham [0.56854952 0.43145048]
452 ham [9.99999959e-01 4.07502706e-08]
453 ham [0.95182593 0.04817407]
454 ham [9.99999996e-01 4.47923937e-09]
455 spam [6.50559600e-07 9.99999349e-01]
456 ham [0.99765346 0.00234654]
457 spam [7.86573856e-04 9.99213426e-01]
458 ham [9.99998108e-01 1.89200327e-06]
459 ham [0.99689526 0.00310474]
460 ham [9.99926185e-01 7.38152595e-05]
461 ham [9.99993366e-01 6.63418511e-06]
462 spam [0.44751578 0.55248422]
463 spam [1.78992549e-16 1.00000000e+00]
464 ham [9.99993557e-01 6.44289699e-06]
465 ham [9.99999849e-01 1.51215113e-07]
466 ham [9.99999919e-01 8.08516110e-08]
467 ham [0.99882889 0.00117111]
468 ham [9.99947957e-01 5.20433174e-05]
469 ham [0.98606243 0.01393757]
470 ham [0.99639265 0.00360735]
471 spam [9.41346631e-12 1.00000000e+00]
472 ham [0.99585558 0.00414442]
473 ham [1.00000000e+00 4.14097558e-10]
474 spam [1.31152124e-17 1.00000000e+00]
475 spam [0.10211804 0.89788196]
476 ham [9.99963774e-01 3.62255662e-05]
477 ham [0.95537304 0.04462696]
478 spam [0.14982589 0.85017411]
479 ham [9.99999554e-01 4.45804428e-07]
480 ham [9.99942725e-01 5.72751676e-05]
481 ham [9.99380892e-01 6.19108276e-04]
482 ham [9.99991619e-01 8.38112161e-06]
483 ham [0.92041786 0.07958214]
484 ham [9.99968828e-01 3.11722549e-05]
485 spam [0.0770635 0.9229365]
486 ham [0.98388047 0.01611953]
487 spam [6.01971028e-14 1.00000000e+00]
488 ham [0.99556522 0.00443478]
489 ham [0.99879059 0.00120941]
490 ham [9.99988049e-01 1.19507187e-05]
491 ham [1.00000000e+00 4.01601568e-10]
492 spam [1.23366324e-19 1.00000000e+00]
493 ham [9.99406600e-01 5.93400037e-04]
494 ham [9.99538920e-01 4.61079871e-04]
495 ham [0.99788286 0.00211714]
496 ham [0.65842393 0.34157607]
497 ham [9.99971375e-01 2.86251585e-05]
498 ham [9.99180671e-01 8.19328731e-04]
499 spam [0.38292403 0.61707597]
500 ham [9.99689944e-01 3.10055965e-04]
501 ham [0.87185258 0.12814742]
502 ham [9.99389045e-01 6.10954558e-04]
503 spam [0.47080542 0.52919458]
504 spam [0.43332224 0.56667776]
505 spam [4.51394988e-12 1.00000000e+00]
506 ham [9.99999803e-01 1.96760023e-07]
507 ham [0.66084796 0.33915204]
508 ham [9.99999998e-01 1.99295162e-09]
509 ham [0.83447627 0.16552373]
510 spam [4.42758282e-08 9.99999956e-01]
511 ham [9.99999977e-01 2.32636750e-08]
512 spam [0.47430731 0.52569269]
513 ham [0.97948599 0.02051401]
514 spam [0.41346175 0.58653825]
515 spam [2.38836121e-14 1.00000000e+00]
516 spam [0.22198618 0.77801382]
517 spam [1.14938876e-13 1.00000000e+00]
518 spam [0.00215982 0.99784018]
519 ham [9.99999930e-01 7.04358111e-08]
520 ham [9.99738912e-01 2.61087563e-04]
521 ham [0.98905486 0.01094514]
522 ham [9.99948409e-01 5.15905521e-05]
523 ham [0.98658026 0.01341974]
524 ham [0.81815947 0.18184053]
525 spam [5.50106105e-17 1.00000000e+00]
526 ham [9.99505611e-01 4.94389299e-04]
527 spam [1.76738718e-12 1.00000000e+00]
528 ham [9.99084725e-01 9.15275207e-04]
529 spam [3.44901522e-04 9.99655098e-01]
530 ham [0.98068957 0.01931043]
531 spam [3.07933332e-18 1.00000000e+00]
532 ham [0.86995606 0.13004394]
533 ham [0.99415513 0.00584487]
534 ham [0.987564 0.012436]
535 ham [1.00000000e+00 2.03863576e-18]
536 ham [1.00000000e+00 5.56430101e-14]
537 ham [9.99979298e-01 2.07015585e-05]
538 ham [9.99756268e-01 2.43731852e-04]
539 ham [0.99664189 0.00335811]
540 ham [9.99908904e-01 9.10958742e-05]
541 spam [1.71882949e-05 9.99982812e-01]
542 spam [0.07565893 0.92434107]
543 ham [9.99999546e-01 4.54466743e-07]
544 spam [0.21409249 0.78590751]
545 ham [9.99405545e-01 5.94455181e-04]
546 ham [0.79784167 0.20215833]
547 ham [1.00000000e+00 1.55292577e-18]
548 ham [0.99289812 0.00710188]
549 ham [0.99181719 0.00818281]
550 ham [1.00000000e+00 2.59972055e-12]
551 ham [1.00000000e+00 4.10774154e-13]
552 spam [0.43435803 0.56564197]
553 ham [0.81659523 0.18340477]
554 ham [9.99999999e-01 8.70686871e-10]
555 ham [0.58262762 0.41737238]
556 spam [0.30597595 0.69402405]
557 ham [0.9777078 0.0222922]
558 ham [9.99999945e-01 5.49145862e-08]
559 ham [9.99995517e-01 4.48306951e-06]
560 ham [0.98760707 0.01239293]
561 ham [0.89148365 0.10851635]
562 ham [0.99065448 0.00934552]
563 ham [9.99999993e-01 6.69172916e-09]
564 spam [6.42052274e-28 1.00000000e+00]
565 ham [1.00000000e+00 4.46356048e-24]
566 ham [0.70828038 0.29171962]
567 ham [0.83165129 0.16834871]
568 ham [1.00000000e+00 2.45378994e-17]
569 ham [9.99999428e-01 5.71728689e-07]
570 spam [0.36021781 0.63978219]
571 ham [9.99999921e-01 7.93731178e-08]
572 ham [9.99997956e-01 2.04427281e-06]
573 ham [0.99763244 0.00236756]
574 ham [0.80748135 0.19251865]
575 ham [0.91050629 0.08949371]
576 spam [3.0609774e-11 1.0000000e+00]
577 ham [9.99999936e-01 6.37513776e-08]
578 ham [9.99993932e-01 6.06798415e-06]
579 spam [1.49393977e-08 9.99999985e-01]
580 ham [0.82651719 0.17348281]
581 ham [0.99680439 0.00319561]
582 ham [9.99999449e-01 5.50878855e-07]
583 spam [1.20065659e-13 1.00000000e+00]
584 ham [9.99999115e-01 8.85229790e-07]
585 ham [0.98921851 0.01078149]
586 ham [9.99991163e-01 8.83705499e-06]
587 ham [0.83469445 0.16530555]
588 spam [0.1975545 0.8024455]
589 ham [0.50334189 0.49665811]
590 ham [9.99984209e-01 1.57907673e-05]
591 spam [3.11997787e-07 9.99999688e-01]
592 spam [1.02824915e-14 1.00000000e+00]
593 spam [6.12385318e-17 1.00000000e+00]
594 ham [0.89385061 0.10614939]
595 ham [0.96239298 0.03760702]
596 ham [9.99963169e-01 3.68309141e-05]
597 ham [9.99933805e-01 6.61946202e-05]
598 spam [1.09560921e-07 9.99999890e-01]
599 ham [0.97433764 0.02566236]
600 ham [9.99804533e-01 1.95466869e-04]
601 spam [0.00282838 0.99717162]
602 ham [9.9999705e-01 2.9495220e-06]
603 ham [0.83634759 0.16365241]
604 ham [9.99938571e-01 6.14290482e-05]
605 ham [0.9380444 0.0619556]
606 spam [0.22141803 0.77858197]
607 spam [1.41576877e-06 9.99998584e-01]
608 ham [9.99999958e-01 4.20569592e-08]
609 ham [0.72351956 0.27648044]
610 ham [9.99006241e-01 9.93759045e-04]
611 spam [5.69770598e-09 9.99999994e-01]
612 ham [0.99758225 0.00241775]
613 ham [0.99702094 0.00297906]
614 spam [3.91882696e-09 9.99999996e-01]
615 ham [9.99696057e-01 3.03942725e-04]
616 ham [9.99999981e-01 1.88642300e-08]
617 ham [9.99999849e-01 1.51212211e-07]
618 ham [0.88507254 0.11492746]
619 ham [0.99512907 0.00487093]
620 spam [0.21899935 0.78100065]
621 ham [9.99997412e-01 2.58811401e-06]
622 ham [0.99762666 0.00237334]
623 spam [1.57029415e-05 9.99984297e-01]
624 ham [9.99844936e-01 1.55064198e-04]
625 ham [9.99276916e-01 7.23084049e-04]
626 ham [0.988729 0.011271]
627 ham [9.99970007e-01 2.99928413e-05]
628 ham [9.99999999e-01 1.23510836e-09]
629 spam [1.30441963e-07 9.99999870e-01]
630 spam [1.42427027e-12 1.00000000e+00]
631 ham [9.99955938e-01 4.40616844e-05]
632 ham [0.84389139 0.15610861]
633 ham [9.99996045e-01 3.95533289e-06]
634 spam [0.15040844 0.84959156]
635 spam [1.70132507e-08 9.99999983e-01]
636 ham [0.9839162 0.0160838]
637 ham [9.99998107e-01 1.89314595e-06]
638 ham [0.99826238 0.00173762]
639 ham [9.99917446e-01 8.25543209e-05]
640 ham [0.99813743 0.00186257]
641 ham [9.99999998e-01 2.25569444e-09]
642 ham [9.99199147e-01 8.00853198e-04]
643 ham [9.99204333e-01 7.95667054e-04]
644 ham [0.86746466 0.13253534]
645 ham [0.99501406 0.00498594]
646 ham [0.99899672 0.00100328]
647 ham [1.00000000e+00 2.98092415e-11]
648 spam [1.6466288e-16 1.0000000e+00]
649 ham [0.9964239 0.0035761]
650 spam [2.45735748e-14 1.00000000e+00]
651 spam [0.30105859 0.69894141]
652 ham [9.99999815e-01 1.84515242e-07]
653 ham [9.99999105e-01 8.94826902e-07]
654 ham [9.99755391e-01 2.44608580e-04]
655 ham [9.99989586e-01 1.04143462e-05]
656 ham [0.96693403 0.03306597]
657 ham [9.99999792e-01 2.07651095e-07]
658 ham [9.99999883e-01 1.16931474e-07]
659 ham [9.99996302e-01 3.69816062e-06]
660 spam [0.01192582 0.98807418]
661 spam [0.01778735 0.98221265]
662 ham [0.72351956 0.27648044]
663 ham [9.99873382e-01 1.26618479e-04]
664 spam [0.40889228 0.59110772]
665 ham [0.99222892 0.00777108]
666 spam [0.10267693 0.89732307]
667 ham [1.00000000e+00 1.71129361e-10]
668 ham [0.80713164 0.19286836]
669 ham [0.99708944 0.00291056]
670 ham [0.98256997 0.01743003]
671 spam [0.03688696 0.96311304]
672 spam [3.23041150e-08 9.99999968e-01]
673 spam [7.56663455e-14 1.00000000e+00]
674 ham [1.00000000e+00 5.97957244e-13]
675 ham [9.99999968e-01 3.21055512e-08]
676 ham [9.99685102e-01 3.14898065e-04]
677 ham [0.65175935 0.34824065]
678 ham [9.99987235e-01 1.27650693e-05]
679 ham [0.9815332 0.0184668]
680 ham [9.99996766e-01 3.23398135e-06]
681 ham [0.99887119 0.00112881]
682 ham [0.61509448 0.38490552]
683 ham [0.97815761 0.02184239]
684 ham [9.99999414e-01 5.85723138e-07]
685 ham [1.00000000e+00 3.79765615e-10]
686 ham [0.99795343 0.00204657]
687 spam [0.11320535 0.88679465]
688 ham [9.99998306e-01 1.69442841e-06]
689 ham [0.99747059 0.00252941]
690 spam [0.22417667 0.77582333]
691 ham [0.765256 0.234744]
692 ham [0.6999383 0.3000617]
693 ham [9.99999662e-01 3.37911659e-07]
694 ham [0.99783632 0.00216368]
695 ham [9.99994733e-01 5.26736981e-06]
696 ham [9.99660940e-01 3.39060351e-04]
697 ham [0.97353031 0.02646969]
698 ham [9.99999832e-01 1.67987995e-07]
699 ham [0.99621508 0.00378492]
700 spam [0.0625162 0.9374838]
701 ham [9.99433664e-01 5.66335530e-04]
702 ham [9.99995434e-01 4.56647392e-06]
703 ham [0.99345774 0.00654226]
704 ham [9.99999972e-01 2.82657472e-08]
705 ham [9.99745073e-01 2.54926575e-04]
706 ham [9.99999994e-01 6.18988844e-09]
707 ham [9.99879126e-01 1.20874220e-04]
708 ham [0.9936925 0.0063075]
709 spam [1.93551443e-09 9.99999998e-01]
710 spam [7.48776592e-25 1.00000000e+00]
711 spam [0.04095582 0.95904418]
712 ham [1.00000000e+00 3.23615901e-15]
713 spam [0.00811327 0.99188673]
714 ham [9.99960385e-01 3.96148652e-05]
715 ham [9.99985514e-01 1.44856978e-05]
716 ham [9.99996657e-01 3.34319603e-06]
717 spam [1.84195555e-10 1.00000000e+00]
718 ham [9.99999996e-01 4.33661793e-09]
719 spam [5.49647085e-24 1.00000000e+00]
720 ham [9.99998978e-01 1.02219362e-06]
721 ham [0.9963718 0.0036282]
722 ham [0.96051664 0.03948336]
723 ham [0.78857956 0.21142044]
724 ham [0.89611575 0.10388425]
725 ham [1.00000000e+00 1.42517196e-12]
726 ham [0.7271105 0.2728895]
727 ham [1.0000000e+00 2.8776275e-13]
728 ham [0.82349388 0.17650612]
729 spam [0.42591901 0.57408099]
730 ham [0.99507399 0.00492601]
731 spam [3.76660814e-04 9.99623339e-01]
732 ham [0.9373039 0.0626961]
733 ham [9.99999953e-01 4.72632962e-08]
734 ham [0.97910681 0.02089319]
735 ham [0.82352201 0.17647799]
736 ham [9.99847373e-01 1.52627010e-04]
737 ham [9.99086683e-01 9.13317099e-04]
738 spam [2.92451182e-13 1.00000000e+00]
739 ham [0.99895672 0.00104328]
740 ham [0.96293714 0.03706286]
741 ham [9.99999266e-01 7.34193985e-07]
742 ham [9.99477475e-01 5.22524960e-04]
743 ham [1.0000000e+00 4.5191318e-15]
744 ham [0.85324055 0.14675945]
745 spam [0.45540627 0.54459373]
746 ham [0.99578614 0.00421386]
747 ham [1.00000000e+00 6.35831213e-11]
748 spam [1.46459601e-04 9.99853540e-01]
749 ham [9.99997496e-01 2.50410366e-06]
