0 spam [0.00242373 0.99757627]
1 ham [0.84124111 0.15875889]
2 spam [7.69387898e-19 1.00000000e+00]
3 ham [0.98340857 0.01659143]
4 ham [9.99709752e-01 2.90248327e-04]
5 spam [5.15941175e-06 9.99994841e-01]
6 ham [9.99674316e-01 3.25684182e-04]
7 ham [1.000000e+00 2.435581e-22]
8 spam [1.41152972e-21 1.00000000e+00]
9 spam [2.44070394e-26 1.00000000e+00]
10 ham [9.99982173e-01 1.78266843e-05]
11 spam [6.1655125e-13 1.0000000e+00]
12 spam [3.44673983e-18 1.00000000e+00]
13 ham [0.99896663 0.00103337]
14 spam [0.28323377 0.71676623]
15 spam [1.24321300e-07 9.99999876e-01]
16 ham [0.53378572 0.46621428]
17 ham [0.99168496 0.00831504]
18 ham [9.99123682e-01 8.76318291e-04]
19 spam [1.5966767e-11 1.0000000e+00]
20 ham [0.94827274 0.05172726]
21 spam [0.04693405 0.95306595]
22 ham [0.99632497 0.00367503]
23 ham [9.99999531e-01 4.68711587e-07]
24 ham [9.99948872e-01 5.11277574e-05]
25 ham [0.96170352 0.03829648]
26 ham [0.98011596 0.01988404]
27 ham [9.99999645e-01 3.55442965e-07]
28 ham [9.99999986e-01 1.44246872e-08]
29 ham [0.99397216 0.00602784]
30 ham [9.99998847e-01 1.15302176e-06]
31 ham [9.99877524e-01 1.22475500e-04]
32 ham [0.98627614 0.01372386]
33 spam [0.40493923 0.59506077]
34 spam [4.26978777e-10 1.00000000e+00]
35 ham [9.99999894e-01 1.05928755e-07]
36 ham [9.99999973e-01 2.71917040e-08]
37 ham [9.99891041e-01 1.08959002e-04]
38 spam [0.49025017 0.50974983]
39 ham [0.6851311 0.3148689]
40 ham [9.99997576e-01 2.42420611e-06]
41 ham [1.00000000e+00 5.00153958e-19]
42 spam [2.42343021e-20 1.00000000e+00]
43 spam [0.25566491 0.74433509]
44 ham [9.99999722e-01 2.77837139e-07]
45 ham [0.98395128 0.01604872]
46 ham [0.94163075 0.05836925]
47 ham [0.53916459 0.46083541]
48 ham [9.99995545e-01 4.45457369e-06]
49 ham [0.9989208 0.0010792]
50 ham [9.99999539e-01 4.61112674e-07]
51 ham [0.9945954 0.0054046]
52 spam [0.38175744 0.61824256]
53 ham [1.00000000e+00 1.96789873e-11]
54 spam [4.43746216e-11 1.00000000e+00]
55 ham [0.94894182 0.05105818]
56 spam [6.66629186e-31 1.00000000e+00]
57 ham [9.99999887e-01 1.13032519e-07]
58 ham [0.99696654 0.00303346]
59 spam [0.4943833 0.5056167]
60 ham [0.95654287 0.04345713]
61 spam [0.44829394 0.55170606]
62 ham [0.86347768 0.13652232]
63 ham [9.99999902e-01 9.82724621e-08]
64 ham [9.99801966e-01 1.98034301e-04]
65 spam [3.94227718e-07 9.99999606e-01]
66 spam [0.1404357 0.8595643]
67 spam [4.66374369e-15 1.00000000e+00]
68 ham [0.97098127 0.02901873]
69 ham [0.991214 0.008786]
70 spam [0.21887256 0.78112744]
71 ham [0.85855289 0.14144711]
72 spam [3.46245584e-04 9.99653754e-01]
73 spam [0.36646401 0.63353599]
74 ham [0.99652321 0.00347679]
75 ham [0.97068005 0.02931995]
76 ham [9.99999997e-01 2.80157382e-09]
77 ham [9.99961712e-01 3.82878351e-05]
78 ham [0.99806677 0.00193323]
79 ham [9.99957590e-01 4.24099875e-05]
80 ham [9.99999868e-01 1.31944975e-07]
81 ham [9.99666981e-01 3.33019242e-04]
82 ham [1.00000000e+00 1.37247045e-10]
83 ham [9.99999993e-01 7.10367078e-09]
84 ham [0.63521485 0.36478515]
85 ham [0.96804362 0.03195638]
86 ham [9.99564431e-01 4.35569205e-04]
87 ham [9.99128943e-01 8.71056943e-04]
88 ham [9.99828135e-01 1.71864803e-04]
89 spam [0.09479208 0.90520792]
90 spam [0.00415664 0.99584336]
91 ham [1.00000000e+00 2.23083535e-10]
92 spam [0.00646686 0.99353314]
93 spam [2.27853976e-29 1.00000000e+00]
94 ham [0.99426119 0.00573881]
95 spam [1.15818992e-13 1.00000000e+00]
96 spam [0.3668435 0.6331565]
97 ham [9.99940848e-01 5.91516404e-05]
98 ham [0.99869244 0.00130756]
99 ham [9.99099759e-01 9.00240564e-04]
100 ham [0.98274367 0.01725633]
101 ham [0.81826443 0.18173557]
102 ham [0.87640815 0.12359185]
103 ham [1.00000000e+00 3.21882611e-11]
104 ham [0.9911381 0.0088619]
105 ham [0.99883599 0.00116401]
106 ham [0.69314842 0.30685158]
107 ham [9.99920529e-01 7.94707813e-05]
108 ham [0.94526852 0.05473148]
109 ham [9.99051981e-01 9.48019412e-04]
110 ham [0.9541201 0.0458799]
111 ham [0.99839149 0.00160851]
112 ham [0.73384273 0.26615727]
113 ham [9.99999562e-01 4.38467920e-07]
114 spam [2.76918717e-41 1.00000000e+00]
115 spam [1.70357745e-04 9.99829642e-01]
116 ham [1.00000000e+00 2.42029609e-22]
117 spam [9.28214234e-30 1.00000000e+00]
118 spam [9.74205830e-04 9.99025794e-01]
119 ham [0.93279345 0.06720655]
120 spam [5.89945779e-21 1.00000000e+00]
121 spam [2.57986194e-24 1.00000000e+00]
122 ham [0.99884265 0.00115735]
123 spam [6.35091112e-17 1.00000000e+00]
124 ham [9.99909647e-01 9.03534352e-05]
125 ham [0.55308922 0.44691078]
126 ham [0.97225231 0.02774769]
127 ham [1.00000000e+00 7.47704886e-12]
128 ham [9.99194274e-01 8.05725835e-04]
129 spam [6.39250833e-13 1.00000000e+00]
130 ham [0.98747827 0.01252173]
131 ham [0.98294545 0.01705455]
132 ham [0.50392471 0.49607529]
133 ham [0.93211831 0.06788169]
134 spam [6.09588377e-08 9.99999939e-01]
135 spam [6.30409136e-26 1.00000000e+00]
136 ham [0.63410213 0.36589787]
137 ham [0.99887173 0.00112827]
138 ham [0.99002657 0.00997343]
139 spam [2.51380638e-10 1.00000000e+00]
140 ham [9.99997810e-01 2.18969936e-06]
141 ham [9.99999938e-01 6.24753604e-08]
142 ham [0.70764985 0.29235015]
143 spam [0.00540001 0.99459999]
144 ham [9.99994634e-01 5.36606574e-06]
145 ham [0.98384123 0.01615877]
146 spam [0.02918167 0.97081833]
147 spam [5.05754893e-08 9.99999949e-01]
148 spam [0.12585087 0.87414913]
149 ham [0.67407526 0.32592474]
150 ham [0.99632249 0.00367751]
151 ham [0.99836173 0.00163827]
152 ham [0.99435815 0.00564185]
153 spam [0.05588014 0.94411986]
154 ham [1.00000000e+00 3.21882611e-11]
155 ham [1.00000000e+00 5.68391892e-14]
156 ham [0.98941196 0.01058804]
157 ham [0.98102924 0.01897076]
158 ham [1.00000000e+00 3.29905344e-13]
159 spam [9.74560648e-11 1.00000000e+00]
160 spam [1.77202727e-32 1.00000000e+00]
161 ham [1.00000000e+00 5.89604663e-15]
162 ham [0.87349343 0.12650657]
163 ham [9.99803235e-01 1.96765240e-04]
164 spam [6.91455087e-11 1.00000000e+00]
165 spam [7.94602249e-11 1.00000000e+00]
166 ham [0.84443236 0.15556764]
167 spam [3.65344236e-33 1.00000000e+00]
168 spam [0.02535827 0.97464173]
169 ham [0.84253539 0.15746461]
170 ham [0.63744662 0.36255338]
171 ham [0.98061626 0.01938374]
172 spam [0.19698853 0.80301147]
173 ham [9.99959294e-01 4.07061690e-05]
174 spam [0.39167089 0.60832911]
175 ham [9.99514650e-01 4.85350061e-04]
176 ham [9.99999912e-01 8.84501137e-08]
177 ham [0.99774768 0.00225232]
178 ham [9.99992412e-01 7.58757295e-06]
179 ham [9.99995306e-01 4.69441092e-06]
180 spam [0.01044263 0.98955737]
181 ham [9.99999716e-01 2.83783759e-07]
182 ham [0.99301234 0.00698766]
183 ham [9.99999999e-01 9.96656104e-10]
184 ham [0.93957043 0.06042957]
185 ham [0.70229081 0.29770919]
186 ham [0.98971253 0.01028747]
187 ham [9.99120307e-01 8.79693363e-04]
188 spam [9.94634156e-30 1.00000000e+00]
189 ham [9.99995503e-01 4.49669012e-06]
190 ham [9.99993234e-01 6.76563439e-06]
191 ham [0.6335649 0.3664351]
192 ham [9.99998270e-01 1.73030034e-06]
193 ham [0.89137197 0.10862803]
194 spam [0.22687046 0.77312954]
195 ham [9.99965966e-01 3.40340979e-05]
196 ham [9.99722110e-01 2.77889589e-04]
197 ham [9.99999364e-01 6.36397101e-07]
198 ham [0.54472327 0.45527673]
199 ham [1.00000000e+00 2.19337316e-11]
200 ham [0.98439623 0.01560377]
201 ham [9.99042828e-01 9.57172029e-04]
202 ham [9.99939410e-01 6.05895309e-05]
203 spam [3.59209889e-08 9.99999964e-01]
204 spam [0.45246213 0.54753787]
205 ham [0.90662338 0.09337662]
206 ham [0.98550478 0.01449522]
207 ham [1.00000000e+00 2.86009471e-22]
208 spam [0.0541941 0.9458059]
209 spam [0.00866355 0.99133645]
210 ham [0.98767502 0.01232498]
211 ham [9.99998431e-01 1.56917127e-06]
212 ham [9.99607893e-01 3.92107151e-04]
213 ham [0.75834755 0.24165245]
214 ham [0.94750466 0.05249534]
215 ham [0.9973899 0.0026101]
216 spam [0.01014606 0.98985394]
217 ham [0.75070886 0.24929114]
218 spam [0.18517848 0.81482152]
219 ham [9.99657197e-01 3.42803265e-04]
220 ham [1.00000000e+00 2.16186314e-13]
221 ham [0.91506034 0.08493966]
222 spam [0.1274304 0.8725696]
223 ham [9.99999854e-01 1.46481242e-07]
224 ham [0.98013266 0.01986734]
225 spam [5.97516744e-15 1.00000000e+00]
226 ham [9.99626361e-01 3.73638707e-04]
227 spam [5.2926708e-11 1.0000000e+00]
228 spam [0.16036801 0.83963199]
229 spam [7.84336276e-05 9.99921566e-01]
230 ham [9.99818444e-01 1.81556378e-04]
231 spam [0.00392036 0.99607964]
232 ham [0.99461329 0.00538671]
233 ham [0.98429882 0.01570118]
234 ham [0.65517261 0.34482739]
235 spam [9.13297613e-13 1.00000000e+00]
236 ham [9.99905739e-01 9.42607661e-05]
237 ham [9.99807458e-01 1.92542461e-04]
238 ham [0.59813875 0.40186125]
239 spam [0.00632467 0.99367533]
240 spam [1.05214283e-04 9.99894786e-01]
241 ham [0.99526912 0.00473088]
242 spam [0.0097648 0.9902352]
243 ham [0.89382728 0.10617272]
244 ham [9.99528405e-01 4.71595396e-04]
245 ham [0.95483925 0.04516075]
246 ham [9.99999976e-01 2.43038878e-08]
247 ham [0.97407523 0.02592477]
248 spam [0.20351266 0.79648734]
249 ham [0.99735972 0.00264028]
250 spam [7.7072942e-34 1.0000000e+00]
251 spam [0.00625 0.99375]
252 spam [2.43733210e-04 9.99756267e-01]
253 ham [0.99806734 0.00193266]
254 spam [0.00368957 0.99631043]
255 ham [9.99958773e-01 4.12269620e-05]
256 ham [0.99329077 0.00670923]
257 ham [0.85187809 0.14812191]
258 ham [9.99999999e-01 9.49064723e-10]
259 spam [1.2256387e-21 1.0000000e+00]
260 ham [9.99302631e-01 6.97368662e-04]
261 ham [0.95022134 0.04977866]
262 ham [0.99885069 0.00114931]
263 spam [2.35912335e-05 9.99976409e-01]
264 spam [2.49704676e-04 9.99750295e-01]
265 ham [0.87090801 0.12909199]
266 spam [0.0498099 0.9501901]
267 ham [0.99760245 0.00239755]
268 spam [1.538201e-17 1.000000e+00]
269 ham [0.8503933 0.1496067]
270 spam [3.70367724e-11 1.00000000e+00]
271 spam [0.00246864 0.99753136]
272 spam [0.0119883 0.9880117]
273 spam [2.10115635e-10 1.00000000e+00]
274 ham [0.99251825 0.00748175]
275 ham [0.78961192 0.21038808]
276 ham [0.79243578 0.20756422]
277 ham [0.60220361 0.39779639]
278 ham [9.99999182e-01 8.18233285e-07]
279 ham [9.99793512e-01 2.06487546e-04]
280 spam [0.14166682 0.85833318]
281 ham [0.96039696 0.03960304]
282 ham [0.97381879 0.02618121]
283 ham [0.98704772 0.01295228]
284 ham [0.79243578 0.20756422]
285 ham [9.99999999e-01 1.48489351e-09]
286 ham [9.99992757e-01 7.24325779e-06]
287 ham [0.79243578 0.20756422]
288 ham [9.99999790e-01 2.10132834e-07]
289 ham [9.99999969e-01 3.14048742e-08]
290 spam [0.01356048 0.98643952]
291 spam [0.3980491 0.6019509]
292 ham [0.9331187 0.0668813]
293 ham [0.97884179 0.02115821]
294 ham [9.99174909e-01 8.25090840e-04]
295 ham [0.5642442 0.4357558]
296 spam [1.44370614e-24 1.00000000e+00]
297 spam [0.08260854 0.91739146]
298 ham [9.99999823e-01 1.76841968e-07]
299 ham [0.94490423 0.05509577]
300 ham [0.98181048 0.01818952]
301 ham [9.99895759e-01 1.04240935e-04]
302 ham [0.78977576 0.21022424]
303 ham [9.99310341e-01 6.89658969e-04]
304 ham [0.99200539 0.00799461]
305 spam [2.21066835e-11 1.00000000e+00]
306 ham [9.99849689e-01 1.50311425e-04]
307 ham [0.98999463 0.01000537]
308 spam [0.37210883 0.62789117]
309 spam [3.05327595e-10 1.00000000e+00]
310 ham [0.68264651 0.31735349]
311 spam [1.06104644e-08 9.99999989e-01]
312 spam [2.07249648e-11 1.00000000e+00]
313 ham [1.00000000e+00 5.57516002e-12]
314 ham [9.99999205e-01 7.94653748e-07]
315 ham [9.99999624e-01 3.75551841e-07]
316 ham [0.67932009 0.32067991]
317 spam [0.30977694 0.69022306]
318 ham [0.90890737 0.09109263]
319 spam [1.50581188e-27 1.00000000e+00]
320 ham [0.91637599 0.08362401]
321 ham [0.98400448 0.01599552]
322 ham [0.98972256 0.01027744]
323 spam [4.25134491e-05 9.99957487e-01]
324 ham [0.79634569 0.20365431]
325 ham [9.99984803e-01 1.51967316e-05]
326 ham [0.99026119 0.00973881]
327 ham [0.70373072 0.29626928]
328 ham [0.9831093 0.0168907]
329 ham [9.99867344e-01 1.32656028e-04]
330 ham [9.99994100e-01 5.89952935e-06]
331 spam [0.29759243 0.70240757]
332 ham [0.95827947 0.04172053]
333 spam [6.90548842e-13 1.00000000e+00]
334 spam [1.89691623e-04 9.99810308e-01]
335 spam [8.51935629e-08 9.99999915e-01]
336 ham [9.99978649e-01 2.13511778e-05]
337 ham [0.78801078 0.21198922]
338 ham [0.80904182 0.19095818]
339 ham [9.99999858e-01 1.41746740e-07]
340 spam [0.07602489 0.92397511]
341 ham [0.96692763 0.03307237]
342 ham [0.9164835 0.0835165]
343 ham [0.74761308 0.25238692]
344 ham [0.99890831 0.00109169]
345 ham [0.78381398 0.21618602]
346 ham [0.99668354 0.00331646]
347 ham [0.88613744 0.11386256]
348 spam [0.17414504 0.82585496]
349 spam [6.89270958e-09 9.99999993e-01]
350 ham [9.99947878e-01 5.21221396e-05]
351 ham [0.97300057 0.02699943]
352 ham [9.99999996e-01 4.33639252e-09]
353 spam [0.00528955 0.99471045]
354 ham [0.97341303 0.02658697]
355 spam [0.27734691 0.72265309]
356 spam [7.16961686e-04 9.99283038e-01]
357 spam [6.30046465e-34 1.00000000e+00]
358 spam [6.67604863e-10 9.99999999e-01]
359 ham [9.99951762e-01 4.82379755e-05]
360 ham [9.99114138e-01 8.85862016e-04]
361 spam [0.24316827 0.75683173]
362 ham [0.95472678 0.04527322]
363 spam [0.3825975 0.6174025]
364 spam [0.45554092 0.54445908]
365 ham [1.00000000e+00 2.47577842e-14]
366 ham [9.99991413e-01 8.58672560e-06]
367 spam [7.34702281e-18 1.00000000e+00]
368 spam [7.96806366e-10 9.99999999e-01]
369 spam [0.47471075 0.52528925]
370 ham [9.99986733e-01 1.32671868e-05]
371 ham [1.0000000e+00 2.3032796e-18]
372 ham [9.99996723e-01 3.27745582e-06]
373 ham [9.99924248e-01 7.57523327e-05]
374 ham [1.00000000e+00 1.31635439e-17]
375 spam [7.45189919e-10 9.99999999e-01]
376 ham [0.99816711 0.00183289]
377 spam [0.04928845 0.95071155]
378 spam [0.2962174 0.7037826]
379 ham [0.95661682 0.04338318]
380 ham [0.99171532 0.00828468]
381 ham [9.99995175e-01 4.82457313e-06]
382 ham [0.99870662 0.00129338]
383 ham [0.88007814 0.11992186]
384 ham [9.99853441e-01 1.46558734e-04]
385 spam [1.2618097e-11 1.0000000e+00]
386 spam [0.36347552 0.63652448]
387 ham [0.99679147 0.00320853]
388 ham [9.99825873e-01 1.74127252e-04]
389 spam [3.68779042e-32 1.00000000e+00]
390 ham [0.98820111 0.01179889]
391 ham [0.81924956 0.18075044]
392 ham [0.95651213 0.04348787]
393 ham [9.99407262e-01 5.92737915e-04]
394 ham [1.0000000e+00 6.4904182e-12]
395 ham [0.99445134 0.00554866]
396 spam [0.00317392 0.99682608]
397 ham [0.87481439 0.12518561]
398 ham [0.88037596 0.11962404]
399 spam [0.02210461 0.97789539]
400 spam [0.02270521 0.97729479]
401 spam [3.0140261e-17 1.0000000e+00]
402 ham [9.99135562e-01 8.64437780e-04]
403 spam [0.47417531 0.52582469]
404 ham [0.9979868 0.0020132]
405 ham [0.99070535 0.00929465]
406 ham [0.99520289 0.00479711]
407 ham [0.50746184 0.49253816]
408 spam [0.48440714 0.51559286]
409 ham [0.62771377 0.37228623]
410 spam [4.85805702e-07 9.99999514e-01]
411 ham [0.99818227 0.00181773]
412 ham [9.99875442e-01 1.24557640e-04]
413 spam [3.65688551e-05 9.99963431e-01]
414 ham [0.81003468 0.18996532]
415 spam [2.83169535e-04 9.99716830e-01]
416 ham [0.99336962 0.00663038]
417 ham [0.99587679 0.00412321]
418 spam [3.15866382e-12 1.00000000e+00]
419 ham [9.99929124e-01 7.08758411e-05]
420 spam [4.91205352e-17 1.00000000e+00]
421 spam [0.12995973 0.87004027]
422 spam [5.52078966e-09 9.99999994e-01]
423 ham [0.59120638 0.40879362]
424 spam [1.45885459e-22 1.00000000e+00]
425 spam [1.49068466e-06 9.99998509e-01]
426 ham [0.9982071 0.0017929]
427 ham [0.967925 0.032075]
428 spam [0.02901626 0.97098374]
429 ham [9.99973018e-01 2.69823631e-05]
430 spam [0.0537624 0.9462376]
431 ham [0.9819072 0.0180928]
432 spam [0.01846695 0.98153305]
433 spam [8.70505623e-18 1.00000000e+00]
434 spam [0.24060819 0.75939181]
435 ham [0.98149467 0.01850533]
436 ham [0.98785153 0.01214847]
437 ham [0.81595775 0.18404225]
438 ham [0.98697588 0.01302412]
439 spam [0.09583416 0.90416584]
440 ham [9.99999857e-01 1.42513267e-07]
441 spam [0.47695662 0.52304338]
442 ham [0.89362354 0.10637646]
443 ham [9.99997419e-01 2.58123139e-06]
444 ham [9.99999802e-01 1.98397819e-07]
445 spam [1.94315752e-07 9.99999806e-01]
446 ham [9.99996335e-01 3.66469170e-06]
447 spam [0.11137233 0.88862767]
448 ham [9.99999501e-01 4.98600945e-07]
449 ham [0.99310966 0.00689034]
450 ham [0.5285549 0.4714451]
451 ham [0.60861355 0.39138645]
452 ham [9.99999936e-01 6.41905233e-08]
453 ham [0.81461744 0.18538256]
454 ham [9.99997690e-01 2.30986135e-06]
455 spam [1.18882233e-10 1.00000000e+00]
456 ham [0.97121316 0.02878684]
457 spam [3.95853044e-07 9.99999604e-01]
458 ham [0.99741827 0.00258173]
459 ham [0.70597538 0.29402462]
460 ham [0.97401996 0.02598004]
461 ham [9.99548425e-01 4.51575403e-04]
462 spam [0.02282481 0.97717519]
463 spam [4.55883067e-23 1.00000000e+00]
464 ham [9.9999957e-01 4.2968846e-07]
465 ham [9.99999980e-01 2.02163251e-08]
466 ham [9.99774743e-01 2.25257402e-04]
467 ham [0.89937081 0.10062919]
468 ham [9.99833032e-01 1.66968003e-04]
469 ham [0.80025253 0.19974747]
470 ham [0.97729449 0.02270551]
471 spam [2.41057287e-15 1.00000000e+00]
472 ham [0.9639255 0.0360745]
473 ham [0.99621964 0.00378036]
474 spam [1.02493444e-25 1.00000000e+00]
475 spam [4.08110084e-05 9.99959189e-01]
476 ham [9.99360671e-01 6.39329430e-04]
477 ham [0.90176984 0.09823016]
478 spam [0.09575897 0.90424103]
479 ham [9.99997191e-01 2.80894847e-06]
480 ham [0.99611459 0.00388541]
481 ham [0.99717113 0.00282887]
482 ham [0.99888047 0.00111953]
483 ham [0.90688387 0.09311613]
484 ham [9.99724828e-01 2.75171700e-04]
485 spam [0.0091997 0.9908003]
486 ham [0.77560135 0.22439865]
487 spam [2.97221849e-17 1.00000000e+00]
488 ham [0.98000877 0.01999123]
489 ham [0.53332396 0.46667604]
490 ham [9.99789002e-01 2.10998369e-04]
491 ham [9.99998881e-01 1.11913663e-06]
492 spam [9.41493712e-31 1.00000000e+00]
493 ham [9.99802236e-01 1.97763564e-04]
494 ham [0.99892543 0.00107457]
495 ham [0.99037771 0.00962229]
496 ham [0.61878811 0.38121189]
497 ham [0.99861084 0.00138916]
498 ham [0.98572612 0.01427388]
499 spam [0.11933737 0.88066263]
500 ham [9.99277254e-01 7.22745888e-04]
501 spam [1.17145100e-04 9.99882855e-01]
502 ham [0.99857642 0.00142358]
503 spam [0.428302 0.571698]
504 spam [0.10647186 0.89352814]
505 spam [1.15591906e-15 1.00000000e+00]
506 ham [9.99451992e-01 5.48008236e-04]
507 spam [0.09937551 0.90062449]
508 ham [9.99957945e-01 4.20545856e-05]
509 ham [0.8093541 0.1906459]
510 spam [1.58883397e-11 1.00000000e+00]
511 ham [9.99988221e-01 1.17789908e-05]
512 spam [0.27896946 0.72103054]
513 ham [0.95343412 0.04656588]
514 spam [0.29755516 0.70244484]
515 spam [1.20102742e-17 1.00000000e+00]
516 spam [0.14636208 0.85363792]
517 spam [5.44668279e-18 1.00000000e+00]
518 spam [6.24129791e-05 9.99937587e-01]
519 ham [0.99897848 0.00102152]
520 ham [0.96895972 0.03104028]
521 ham [0.90949162 0.09050838]
522 ham [9.99831428e-01 1.68571960e-04]
523 ham [0.95744116 0.04255884]
524 ham [0.5792721 0.4207279]
525 spam [2.0061333e-22 1.0000000e+00]
526 ham [0.98529302 0.01470698]
527 spam [4.50594523e-16 1.00000000e+00]
528 ham [0.99250696 0.00749304]
529 spam [1.17949684e-06 9.99998821e-01]
530 ham [0.94224055 0.05775945]
531 spam [4.49457706e-23 1.00000000e+00]
532 ham [0.68242387 0.31757613]
533 ham [0.99655477 0.00344523]
534 ham [0.98540657 0.01459343]
535 ham [1.00000000e+00 1.02589553e-13]
536 ham [1.00000000e+00 1.91167933e-10]
537 ham [9.99548596e-01 4.51404011e-04]
538 ham [0.97376708 0.02623292]
539 ham [0.83711998 0.16288002]
540 ham [9.99337968e-01 6.62031834e-04]
541 spam [1.50778590e-06 9.99998492e-01]
542 spam [2.88665167e-05 9.99971133e-01]
543 ham [9.99974891e-01 2.51093068e-05]
544 spam [0.01698115 0.98301885]
545 spam [0.4506136 0.5493864]
546 ham [0.70810631 0.29189369]
547 ham [1.00000000e+00 9.29360754e-16]
548 ham [0.97011738 0.02988262]
549 ham [0.99039043 0.00960957]
550 ham [9.99999999e-01 1.45520386e-09]
551 ham [9.99985776e-01 1.42244765e-05]
552 spam [0.08523906 0.91476094]
553 spam [0.01088357 0.98911643]
554 ham [9.99999592e-01 4.08448372e-07]
555 spam [0.00213082 0.99786918]
556 spam [0.0372335 0.9627665]
557 ham [0.93372302 0.06627698]
558 ham [9.99999673e-01 3.27143265e-07]
559 ham [9.99906437e-01 9.35633571e-05]
560 spam [0.00551776 0.99448224]
561 ham [0.78496539 0.21503461]
562 ham [0.96095979 0.03904021]
563 ham [9.99999976e-01 2.43296894e-08]
564 spam [1.17027219e-40 1.00000000e+00]
565 ham [1.00000000e+00 4.25974254e-22]
566 spam [0.0043188 0.9956812]
567 spam [0.3747869 0.6252131]
568 ham [1.0000000e+00 2.1231283e-14]
569 ham [9.99969777e-01 3.02231674e-05]
570 spam [0.15315648 0.84684352]
571 ham [9.99688768e-01 3.11231883e-04]
572 ham [9.99993911e-01 6.08916142e-06]
573 ham [0.99468757 0.00531243]
574 ham [0.83756484 0.16243516]
575 ham [0.70259886 0.29740114]
576 spam [9.13522902e-16 1.00000000e+00]
577 ham [9.99996915e-01 3.08524900e-06]
578 ham [9.99965414e-01 3.45861312e-05]
579 spam [7.06496857e-11 1.00000000e+00]
580 spam [0.00121317 0.99878683]
581 ham [0.97426082 0.02573918]
582 ham [9.99993720e-01 6.27991177e-06]
583 spam [2.84571888e-21 1.00000000e+00]
584 ham [9.99963048e-01 3.69521205e-05]
585 ham [0.62414763 0.37585237]
586 ham [9.99294571e-01 7.05429264e-04]
587 spam [0.00647881 0.99352119]
588 spam [0.02900762 0.97099238]
589 spam [0.24559062 0.75440938]
590 ham [9.99905937e-01 9.40631729e-05]
591 spam [1.47546458e-09 9.99999999e-01]
592 spam [7.99963925e-19 1.00000000e+00]
593 spam [2.76892261e-21 1.00000000e+00]
594 ham [0.78910609 0.21089391]
595 spam [0.00648207 0.99351793]
596 ham [9.99885349e-01 1.14651448e-04]
597 ham [9.99928733e-01 7.12666127e-05]
598 spam [3.36888571e-09 9.99999997e-01]
599 spam [0.25572493 0.74427507]
600 ham [0.99883667 0.00116333]
601 spam [3.55061315e-05 9.99964494e-01]
602 ham [9.99904086e-01 9.59137135e-05]
603 spam [0.45171578 0.54828422]
604 ham [9.99619075e-01 3.80925368e-04]
605 ham [0.90183891 0.09816109]
606 spam [0.08168136 0.91831864]
607 spam [1.15656983e-08 9.99999988e-01]
608 ham [9.99998207e-01 1.79271440e-06]
609 ham [0.61359147 0.38640853]
610 ham [0.99254591 0.00745409]
611 spam [6.26629936e-13 1.00000000e+00]
612 spam [0.03249325 0.96750675]
613 ham [0.99510001 0.00489999]
614 spam [2.25960089e-12 1.00000000e+00]
615 ham [0.99020916 0.00979084]
616 ham [9.99968264e-01 3.17355100e-05]
617 ham [9.99645786e-01 3.54214352e-04]
618 ham [0.82372843 0.17627157]
619 ham [0.89743657 0.10256343]
620 spam [0.00117932 0.99882068]
621 ham [9.99988474e-01 1.15258114e-05]
622 ham [0.9616511 0.0383489]
623 spam [1.78681498e-07 9.99999821e-01]
624 ham [0.99498162 0.00501838]
625 ham [0.89597785 0.10402215]
626 ham [0.65946618 0.34053382]
627 ham [0.99811112 0.00188888]
628 ham [9.99999448e-01 5.52043578e-07]
629 spam [7.52130206e-11 1.00000000e+00]
630 spam [4.10618073e-16 1.00000000e+00]
631 ham [9.99726746e-01 2.73253944e-04]
632 ham [0.8642048 0.1357952]
633 ham [9.99935687e-01 6.43126305e-05]
634 spam [0.01045095 0.98954905]
635 spam [2.6509509e-11 1.0000000e+00]
636 ham [0.96383413 0.03616587]
637 ham [9.99887611e-01 1.12388794e-04]
638 ham [0.97948185 0.02051815]
639 ham [9.99488132e-01 5.11868260e-04]
640 ham [0.96966876 0.03033124]
641 ham [9.99999992e-01 7.90684130e-09]
642 spam [0.42582055 0.57417945]
643 ham [0.99508479 0.00491521]
644 ham [0.51341808 0.48658192]
645 spam [0.10319449 0.89680551]
646 ham [0.91889784 0.08110216]
647 ham [9.99999998e-01 1.82449218e-09]
648 spam [1.03703798e-20 1.00000000e+00]
649 ham [0.97822248 0.02177752]
650 spam [1.30694119e-19 1.00000000e+00]
651 spam [0.02505232 0.97494768]
652 ham [9.99835085e-01 1.64914649e-04]
653 ham [9.99979733e-01 2.02666970e-05]
654 ham [9.99218341e-01 7.81659132e-04]
655 ham [9.99997919e-01 2.08110852e-06]
656 ham [0.86783577 0.13216423]
657 ham [0.98115691 0.01884309]
658 ham [9.99999989e-01 1.05239322e-08]
659 ham [9.99842387e-01 1.57613320e-04]
660 spam [0.001395 0.998605]
661 spam [1.38707209e-06 9.99998613e-01]
662 ham [0.61359147 0.38640853]
663 ham [0.99847833 0.00152167]
664 spam [0.13444508 0.86555492]
665 ham [0.7969996 0.2030004]
666 spam [0.0181126 0.9818874]
667 ham [9.99999999e-01 9.98897831e-10]
668 ham [0.645783 0.354217]
669 ham [0.99666093 0.00333907]
670 ham [0.96087383 0.03912617]
671 spam [0.00441323 0.99558677]
672 spam [2.63898416e-10 1.00000000e+00]
673 spam [5.1291449e-18 1.0000000e+00]
674 ham [9.99999999e-01 6.79624525e-10]
675 ham [9.99999614e-01 3.86376488e-07]
676 ham [0.99811766 0.00188234]
677 spam [0.03105046 0.96894954]
678 ham [9.99461833e-01 5.38167219e-04]
679 ham [0.9592909 0.0407091]
680 ham [0.99816088 0.00183912]
681 ham [0.99071904 0.00928096]
682 spam [0.26984343 0.73015657]
683 ham [0.93480905 0.06519095]
684 ham [0.97757884 0.02242116]
685 ham [9.99999981e-01 1.88104210e-08]
686 ham [0.9936362 0.0063638]
687 spam [2.29684689e-05 9.99977032e-01]
688 ham [0.98712882 0.01287118]
689 ham [0.97941202 0.02058798]
690 spam [0.00492315 0.99507685]
691 ham [0.66679269 0.33320731]
692 spam [0.00213115 0.99786885]
693 ham [9.99990132e-01 9.86756481e-06]
694 ham [0.74036254 0.25963746]
695 ham [0.99783724 0.00216276]
696 ham [0.99894187 0.00105813]
697 ham [0.76215652 0.23784348]
698 ham [9.99986416e-01 1.35841354e-05]
699 ham [0.98383714 0.01616286]
700 spam [0.00798031 0.99201969]
701 ham [0.99755573 0.00244427]
702 ham [9.99999867e-01 1.32840593e-07]
703 ham [0.83290043 0.16709957]
704 ham [9.99992568e-01 7.43234822e-06]
705 ham [0.98532606 0.01467394]
706 ham [9.99999653e-01 3.46522070e-07]
707 ham [9.99477542e-01 5.22457616e-04]
708 ham [0.93209336 0.06790664]
709 spam [8.86048981e-13 1.00000000e+00]
710 spam [3.41040835e-34 1.00000000e+00]
711 spam [8.48502706e-10 9.99999999e-01]
712 ham [1.00000000e+00 5.37347834e-11]
713 spam [0.00361333 0.99638667]
714 ham [0.9585249 0.0414751]
715 ham [9.99769849e-01 2.30150615e-04]
716 ham [9.99972287e-01 2.77127980e-05]
717 spam [5.83752974e-14 1.00000000e+00]
718 ham [9.99995263e-01 4.73650274e-06]
719 spam [4.79385862e-32 1.00000000e+00]
720 ham [0.99591362 0.00408638]
721 ham [0.98449839 0.01550161]
722 ham [0.84907917 0.15092083]
723 ham [0.62316076 0.37683924]
724 ham [0.59029838 0.40970162]
725 ham [9.99999728e-01 2.72195742e-07]
726 spam [0.08042602 0.91957398]
727 ham [9.99999989e-01 1.12680373e-08]
728 spam [0.36013209 0.63986791]
729 spam [0.03261869 0.96738131]
730 ham [0.98895739 0.01104261]
731 spam [1.23681577e-05 9.99987632e-01]
732 ham [0.71404571 0.28595429]
733 ham [9.99989855e-01 1.01446045e-05]
734 spam [0.02189105 0.97810895]
735 spam [0.04001041 0.95998959]
736 ham [9.99340366e-01 6.59633884e-04]
737 ham [0.99247912 0.00752088]
738 spam [1.93386457e-16 1.00000000e+00]
739 ham [0.99674902 0.00325098]
740 spam [0.00243255 0.99756745]
741 ham [9.99996957e-01 3.04304897e-06]
742 ham [0.98862761 0.01137239]
743 ham [9.99999999e-01 9.00454771e-10]
744 spam [0.49266388 0.50733612]
745 spam [0.09163428 0.90836572]
746 ham [0.96611016 0.03388984]
747 ham [9.99999975e-01 2.50785190e-08]
748 spam [9.68621466e-08 9.99999903e-01]
749 ham [9.99948483e-01 5.15173830e-05]
