0 ham [0.9620041 0.0379959]
1 ham [0.89425289 0.10574711]
2 spam [5.87676271e-05 9.99941232e-01]
3 ham [0.97752141 0.02247859]
4 ham [0.96967227 0.03032773]
5 ham [0.89926487 0.10073513]
6 ham [9.99942927e-01 5.70725540e-05]
7 ham [0.98938276 0.01061724]
8 spam [6.80497263e-05 9.99931950e-01]
9 spam [0.04870195 0.95129805]
10 ham [0.99746679 0.00253321]
11 spam [0.00538667 0.99461333]
12 spam [0.06320219 0.93679781]
13 ham [0.99885908 0.00114092]
14 ham [0.82222222 0.17777778]
15 spam [0.21878243 0.78121757]
16 ham [0.55491292 0.44508708]
17 ham [0.9969079 0.0030921]
18 ham [0.98915138 0.01084862]
19 spam [0.10933694 0.89066306]
20 ham [0.92563606 0.07436394]
21 ham [0.9582848 0.0417152]
22 ham [0.99094791 0.00905209]
23 ham [9.99958376e-01 4.16236117e-05]
24 ham [0.9780158 0.0219842]
25 spam [0.47461292 0.52538708]
26 ham [0.98389871 0.01610129]
27 ham [0.99316889 0.00683111]
28 ham [0.96941715 0.03058285]
29 ham [0.81816859 0.18183141]
30 ham [0.99818327 0.00181673]
31 ham [9.99999493e-01 5.07345690e-07]
32 ham [0.99022181 0.00977819]
33 ham [0.99537132 0.00462868]
34 ham [0.99877194 0.00122806]
35 ham [9.99999082e-01 9.17768274e-07]
36 ham [0.9987236 0.0012764]
37 ham [0.99665207 0.00334793]
38 ham [0.65902225 0.34097775]
39 ham [0.99286997 0.00713003]
40 ham [0.83359742 0.16640258]
41 ham [0.99873558 0.00126442]
42 spam [0.00479819 0.99520181]
43 ham [0.82222222 0.17777778]
44 ham [0.9822569 0.0177431]
45 ham [0.65902225 0.34097775]
46 ham [0.90855823 0.09144177]
47 ham [0.87906741 0.12093259]
48 ham [0.95123832 0.04876168]
49 ham [0.92955691 0.07044309]
50 ham [9.99278849e-01 7.21150740e-04]
51 ham [0.82266913 0.17733087]
52 ham [0.93760655 0.06239345]
53 ham [9.99999850e-01 1.50494568e-07]
54 ham [0.83365859 0.16634141]
55 ham [0.88038008 0.11961992]
56 spam [0.0388585 0.9611415]
57 ham [0.89701063 0.10298937]
58 ham [0.88213886 0.11786114]
59 ham [0.89158355 0.10841645]
60 ham [0.99441353 0.00558647]
61 ham [0.57031242 0.42968758]
62 ham [0.87703961 0.12296039]
63 ham [0.97747415 0.02252585]
64 ham [9.99930944e-01 6.90561920e-05]
65 ham [0.84095805 0.15904195]
66 ham [0.96037448 0.03962552]
67 spam [0.00227646 0.99772354]
68 ham [0.9961511 0.0038489]
69 ham [0.73943968 0.26056032]
70 ham [0.5894324 0.4105676]
71 ham [0.64622243 0.35377757]
72 ham [0.82962963 0.17037037]
73 ham [0.77933251 0.22066749]
74 ham [0.9663348 0.0336652]
75 ham [0.95522004 0.04477996]
76 ham [0.99898863 0.00101137]
77 ham [0.99168791 0.00831209]
78 ham [0.95287504 0.04712496]
79 ham [0.98257358 0.01742642]
80 ham [0.77024598 0.22975402]
81 ham [0.98066774 0.01933226]
82 ham [9.99531716e-01 4.68283655e-04]
83 ham [9.99087091e-01 9.12909474e-04]
84 spam [0.49438948 0.50561052]
85 ham [0.86586246 0.13413754]
86 ham [0.99898678 0.00101322]
87 ham [0.99887081 0.00112919]
88 ham [0.9938827 0.0061173]
89 ham [0.51251637 0.48748363]
90 spam [0.2380628 0.7619372]
91 ham [9.99991978e-01 8.02241302e-06]
92 ham [9.99514452e-01 4.85548138e-04]
93 spam [0.01035675 0.98964325]
94 ham [0.994919 0.005081]
95 spam [0.20040863 0.79959137]
96 spam [0.47761762 0.52238238]
97 ham [0.99827513 0.00172487]
98 ham [9.99934357e-01 6.56425311e-05]
99 ham [0.90032798 0.09967202]
100 ham [0.9213605 0.0786395]
101 ham [0.88437822 0.11562178]
102 ham [0.9625176 0.0374824]
103 ham [0.99443288 0.00556712]
104 ham [9.99719851e-01 2.80149048e-04]
105 ham [0.97257734 0.02742266]
106 ham [0.99271435 0.00728565]
107 ham [0.92058947 0.07941053]
108 ham [0.98464457 0.01535543]
109 ham [0.78499138 0.21500862]
110 ham [0.83175101 0.16824899]
111 ham [0.85418449 0.14581551]
112 ham [0.87596508 0.12403492]
113 ham [9.99976981e-01 2.30187689e-05]
114 spam [0.06079088 0.93920912]
115 ham [0.53150169 0.46849831]
116 ham [0.99121269 0.00878731]
117 spam [9.35033037e-05 9.99906497e-01]
118 spam [0.26934803 0.73065197]
119 ham [0.99150684 0.00849316]
120 spam [0.03982063 0.96017937]
121 spam [0.13868505 0.86131495]
122 ham [0.98889475 0.01110525]
123 spam [2.96403998e-05 9.99970360e-01]
124 ham [0.99140374 0.00859626]
125 ham [0.81798284 0.18201716]
126 ham [0.76308657 0.23691343]
127 ham [9.99991924e-01 8.07557590e-06]
128 ham [0.91206298 0.08793702]
129 ham [0.82962963 0.17037037]
130 ham [0.95346798 0.04653202]
131 ham [0.85953495 0.14046505]
132 ham [0.76308657 0.23691343]
133 ham [0.93000347 0.06999653]
134 ham [0.84370438 0.15629562]
135 spam [0.23699666 0.76300334]
136 ham [0.81768995 0.18231005]
137 ham [0.94511995 0.05488005]
138 ham [0.84320187 0.15679813]
139 ham [0.7229563 0.2770437]
140 ham [0.98686829 0.01313171]
141 ham [9.99098912e-01 9.01088494e-04]
142 ham [0.86482339 0.13517661]
143 spam [0.06601125 0.93398875]
144 ham [0.93644572 0.06355428]
145 ham [0.98521389 0.01478611]
146 ham [0.74181189 0.25818811]
147 spam [0.2026618 0.7973382]
148 ham [0.87295489 0.12704511]
149 ham [0.97453171 0.02546829]
