0 spam [0.03122281 0.96877719]
1 ham [0.55302867 0.44697133]
2 spam [3.96265543e-17 1.00000000e+00]
3 ham [0.98381903 0.01618097]
4 ham [0.98938857 0.01061143]
5 spam [1.09175011e-05 9.99989082e-01]
6 ham [9.99554125e-01 4.45874592e-04]
7 ham [1.00000000e+00 2.41732068e-19]
8 spam [3.11451767e-19 1.00000000e+00]
9 spam [1.11821673e-22 1.00000000e+00]
10 ham [9.99904817e-01 9.51826823e-05]
11 spam [5.32618539e-11 1.00000000e+00]
12 spam [7.93059749e-14 1.00000000e+00]
13 ham [0.99559411 0.00440589]
14 ham [0.63566916 0.36433084]
15 spam [3.09199244e-05 9.99969080e-01]
16 spam [0.25859849 0.74140151]
17 ham [0.84145001 0.15854999]
18 ham [9.99215146e-01 7.84854016e-04]
19 spam [2.99928985e-10 1.00000000e+00]
20 ham [0.94777544 0.05222456]
21 spam [0.06694104 0.93305896]
22 ham [0.84323661 0.15676339]
23 ham [9.99999802e-01 1.97871381e-07]
24 ham [9.99466421e-01 5.33578634e-04]
25 spam [0.00265475 0.99734525]
26 ham [0.93719025 0.06280975]
27 ham [9.99990335e-01 9.66488362e-06]
28 ham [9.99999110e-01 8.89669497e-07]
29 spam [0.40208439 0.59791561]
30 ham [9.99999226e-01 7.73954846e-07]
31 ham [9.99212504e-01 7.87496234e-04]
32 ham [0.9931087 0.0068913]
33 ham [0.86659652 0.13340348]
34 spam [1.18107812e-07 9.99999882e-01]
35 ham [9.99999664e-01 3.36100339e-07]
36 ham [9.9999981e-01 1.8991557e-07]
37 ham [0.99870186 0.00129814]
38 ham [0.51993753 0.48006247]
39 spam [0.02215175 0.97784825]
40 ham [9.99515211e-01 4.84789176e-04]
41 ham [1.00000000e+00 2.14643667e-12]
42 spam [4.28027927e-20 1.00000000e+00]
43 ham [0.86714007 0.13285993]
44 ham [9.99964291e-01 3.57085788e-05]
45 ham [0.93999089 0.06000911]
46 ham [0.95992862 0.04007138]
47 ham [0.63909547 0.36090453]
48 ham [9.99900645e-01 9.93552093e-05]
49 spam [0.06334117 0.93665883]
50 ham [9.99996717e-01 3.28261401e-06]
51 ham [0.97641458 0.02358542]
52 spam [0.46564821 0.53435179]
53 ham [9.99999728e-01 2.71622473e-07]
54 spam [6.65148076e-07 9.99999335e-01]
55 ham [0.98105285 0.01894715]
56 spam [1.21837275e-27 1.00000000e+00]
57 ham [9.99993804e-01 6.19619683e-06]
58 ham [0.99338557 0.00661443]
59 ham [0.59369641 0.40630359]
60 ham [0.85139407 0.14860593]
61 ham [0.65052657 0.34947343]
62 ham [0.78687563 0.21312437]
63 ham [9.99993988e-01 6.01209686e-06]
64 ham [0.99526643 0.00473357]
65 spam [1.73447119e-07 9.99999827e-01]
66 spam [0.13005956 0.86994044]
67 spam [4.16649181e-13 1.00000000e+00]
68 ham [0.83971948 0.16028052]
69 ham [0.85899376 0.14100624]
70 spam [0.07713251 0.92286749]
71 ham [0.97350836 0.02649164]
72 spam [0.03220101 0.96779899]
73 ham [0.63502337 0.36497663]
74 ham [0.99678322 0.00321678]
75 ham [0.99483339 0.00516661]
76 ham [9.99999994e-01 5.88023577e-09]
77 ham [9.99855470e-01 1.44530334e-04]
78 ham [0.99741442 0.00258558]
79 ham [9.99922915e-01 7.70849392e-05]
80 ham [9.99992377e-01 7.62310100e-06]
81 ham [9.99133868e-01 8.66131678e-04]
82 ham [9.99999999e-01 8.23886491e-10]
83 ham [9.99999989e-01 1.13098941e-08]
84 spam [0.39982825 0.60017175]
85 ham [0.60982501 0.39017499]
86 ham [0.82467055 0.17532945]
87 ham [0.60246224 0.39753776]
88 ham [0.99895825 0.00104175]
89 spam [0.2389259 0.7610741]
90 spam [0.00271401 0.99728599]
91 ham [9.99999969e-01 3.13583025e-08]
92 spam [0.25596423 0.74403577]
93 spam [4.11528912e-30 1.00000000e+00]
94 ham [0.91662301 0.08337699]
95 spam [1.57868312e-11 1.00000000e+00]
96 spam [0.22630607 0.77369393]
97 ham [9.99838028e-01 1.61971776e-04]
98 ham [0.99837738 0.00162262]
99 ham [0.98054863 0.01945137]
100 ham [0.87401919 0.12598081]
101 spam [0.41286049 0.58713951]
102 ham [0.83945996 0.16054004]
103 ham [9.99999999e-01 6.00347801e-10]
104 spam [0.39504373 0.60495627]
105 ham [9.99579040e-01 4.20960203e-04]
106 ham [0.7885158 0.2114842]
107 ham [0.98928481 0.01071519]
108 ham [0.60944091 0.39055909]
109 spam [0.16472528 0.83527472]
110 ham [0.66187891 0.33812109]
111 ham [0.98300716 0.01699284]
112 ham [0.8067944 0.1932056]
113 ham [9.99997526e-01 2.47363685e-06]
114 spam [4.93013797e-35 1.00000000e+00]
115 spam [1.01707059e-04 9.99898293e-01]
116 ham [1.00000000e+00 9.05527265e-19]
117 spam [1.36267976e-29 1.00000000e+00]
118 spam [3.14523071e-04 9.99685477e-01]
119 ham [0.73141654 0.26858346]
120 spam [3.46409191e-14 1.00000000e+00]
121 spam [6.45957269e-18 1.00000000e+00]
122 ham [0.99760287 0.00239713]
123 spam [1.35895547e-17 1.00000000e+00]
124 ham [0.9989583 0.0010417]
125 spam [0.31682973 0.68317027]
126 ham [0.93024449 0.06975551]
127 ham [9.99999990e-01 1.01897282e-08]
128 ham [0.99840527 0.00159473]
129 spam [1.06082014e-05 9.99989392e-01]
130 ham [0.99169696 0.00830304]
131 ham [0.90784042 0.09215958]
132 ham [0.70404126 0.29595874]
133 ham [0.83938803 0.16061197]
134 spam [1.22307220e-04 9.99877693e-01]
135 spam [1.67694236e-23 1.00000000e+00]
136 spam [0.0391837 0.9608163]
137 ham [0.99353353 0.00646647]
138 ham [0.6810916 0.3189084]
139 spam [5.73529845e-08 9.99999943e-01]
140 ham [0.9427204 0.0572796]
141 ham [9.99999817e-01 1.83295645e-07]
142 spam [0.23949378 0.76050622]
143 spam [6.38377836e-04 9.99361622e-01]
144 ham [9.99855167e-01 1.44832845e-04]
145 ham [0.96753297 0.03246703]
146 spam [0.04247759 0.95752241]
147 spam [1.07129475e-08 9.99999989e-01]
148 spam [0.23697378 0.76302622]
149 ham [0.7570559 0.2429441]
150 ham [0.99754357 0.00245643]
151 ham [0.998095 0.001905]
152 ham [0.98958874 0.01041126]
153 spam [0.357862 0.642138]
154 ham [9.99999999e-01 6.00347801e-10]
155 ham [1.00000000e+00 1.02080721e-11]
156 ham [0.99395941 0.00604059]
157 ham [0.86283118 0.13716882]
158 ham [1.00000000e+00 3.43011305e-11]
159 spam [7.97492270e-09 9.99999992e-01]
160 spam [1.70365255e-32 1.00000000e+00]
161 ham [1.00000000e+00 5.80730305e-13]
162 ham [0.9539257 0.0460743]
163 ham [0.99763332 0.00236668]
164 spam [2.42612823e-07 9.99999757e-01]
165 spam [6.29484726e-09 9.99999994e-01]
166 spam [0.22088829 0.77911171]
167 spam [2.76723504e-29 1.00000000e+00]
168 spam [0.00965782 0.99034218]
169 spam [0.25229737 0.74770263]
170 spam [0.22833947 0.77166053]
171 ham [0.80752039 0.19247961]
172 spam [0.40624749 0.59375251]
173 ham [9.99602495e-01 3.97505369e-04]
174 spam [0.4884441 0.5115559]
175 ham [9.99871299e-01 1.28701332e-04]
176 ham [9.99999978e-01 2.21989525e-08]
177 ham [0.99789114 0.00210886]
178 ham [9.99994637e-01 5.36314106e-06]
179 ham [9.99999646e-01 3.53621206e-07]
180 ham [0.82170069 0.17829931]
181 ham [9.99995730e-01 4.26951555e-06]
182 ham [0.94424539 0.05575461]
183 ham [9.99999996e-01 4.15802015e-09]
184 ham [0.66625932 0.33374068]
185 ham [0.78480995 0.21519005]
186 ham [0.93944931 0.06055069]
187 ham [0.99713144 0.00286856]
188 spam [3.79350982e-30 1.00000000e+00]
189 ham [9.99996879e-01 3.12073958e-06]
190 ham [0.99525921 0.00474079]
191 spam [0.26154781 0.73845219]
192 ham [9.99601304e-01 3.98696263e-04]
193 ham [0.75903616 0.24096384]
194 spam [0.00867796 0.99132204]
195 ham [0.9959032 0.0040968]
196 ham [9.99636844e-01 3.63156451e-04]
197 ham [9.99998757e-01 1.24335654e-06]
198 ham [0.74095546 0.25904454]
199 ham [1.00000000e+00 2.22953865e-12]
200 ham [0.99558335 0.00441665]
201 ham [0.99106406 0.00893594]
202 ham [9.99970756e-01 2.92439441e-05]
203 spam [1.23663550e-04 9.99876336e-01]
204 ham [0.56177637 0.43822363]
205 ham [0.9281609 0.0718391]
206 ham [0.99028491 0.00971509]
207 ham [1.0000000e+00 6.5999617e-19]
208 spam [0.08112282 0.91887718]
209 spam [0.0094123 0.9905877]
210 ham [0.99185645 0.00814355]
211 ham [9.99990779e-01 9.22102765e-06]
212 ham [9.99680778e-01 3.19222091e-04]
213 ham [0.83007457 0.16992543]
214 spam [0.49116319 0.50883681]
215 ham [0.99755098 0.00244902]
216 spam [0.01533982 0.98466018]
217 spam [0.33021825 0.66978175]
218 spam [0.25803689 0.74196311]
219 ham [0.99855302 0.00144698]
220 ham [1.00000000e+00 8.71069949e-11]
221 ham [0.81154508 0.18845492]
222 spam [0.1210661 0.8789339]
223 ham [9.99991265e-01 8.73493172e-06]
224 spam [0.35021332 0.64978668]
225 spam [3.12911262e-12 1.00000000e+00]
226 ham [9.99220273e-01 7.79727107e-04]
227 spam [7.0081401e-11 1.0000000e+00]
228 spam [0.15007142 0.84992858]
229 spam [2.95702398e-05 9.99970430e-01]
230 ham [9.99797351e-01 2.02649292e-04]
231 spam [0.02483222 0.97516778]
232 ham [0.97639003 0.02360997]
233 ham [0.60966576 0.39033424]
234 ham [0.73938001 0.26061999]
235 spam [4.55063887e-11 1.00000000e+00]
236 ham [0.99153991 0.00846009]
237 ham [9.99754396e-01 2.45603865e-04]
238 spam [0.35869335 0.64130665]
239 spam [0.00101213 0.99898787]
240 spam [5.30955339e-04 9.99469045e-01]
241 ham [0.99785394 0.00214606]
242 spam [0.04162193 0.95837807]
243 ham [0.6796049 0.3203951]
244 ham [9.99851940e-01 1.48059503e-04]
245 ham [0.91717939 0.08282061]
246 ham [9.99995171e-01 4.82935488e-06]
247 ham [0.61581814 0.38418186]
248 spam [0.27882457 0.72117543]
249 ham [0.99617182 0.00382818]
250 spam [5.85335321e-31 1.00000000e+00]
251 spam [0.00729134 0.99270866]
252 spam [2.99667141e-04 9.99700333e-01]
253 ham [0.99192963 0.00807037]
254 spam [0.00942179 0.99057821]
255 ham [9.99782902e-01 2.17097849e-04]
256 ham [0.96459848 0.03540152]
257 ham [0.8689005 0.1310995]
258 ham [9.99999981e-01 1.90886818e-08]
259 spam [4.15849609e-20 1.00000000e+00]
260 ham [9.99615956e-01 3.84044330e-04]
261 ham [0.8562963 0.1437037]
262 ham [9.99663542e-01 3.36457559e-04]
263 spam [7.73911362e-04 9.99226089e-01]
264 spam [1.49913692e-05 9.99985009e-01]
265 ham [0.91412986 0.08587014]
266 spam [0.10972995 0.89027005]
267 ham [0.99388034 0.00611966]
268 spam [1.49819202e-13 1.00000000e+00]
269 spam [0.3548956 0.6451044]
270 spam [1.43538435e-09 9.99999999e-01]
271 spam [0.01447043 0.98552957]
272 spam [0.04698266 0.95301734]
273 spam [1.87267856e-09 9.99999998e-01]
274 ham [0.9462027 0.0537973]
275 spam [0.18747823 0.81252177]
276 ham [0.8562963 0.1437037]
277 spam [0.36604562 0.63395438]
278 ham [9.99996118e-01 3.88236028e-06]
279 ham [9.99080759e-01 9.19240608e-04]
280 spam [0.02324895 0.97675105]
281 ham [0.98111266 0.01888734]
282 ham [0.98378999 0.01621001]
283 ham [0.79337042 0.20662958]
284 ham [0.8562963 0.1437037]
285 ham [9.99999598e-01 4.02006934e-07]
286 ham [9.99747597e-01 2.52402966e-04]
287 ham [0.8562963 0.1437037]
288 ham [9.99999978e-01 2.24765194e-08]
289 ham [0.99632145 0.00367855]
290 spam [0.02363482 0.97636518]
291 spam [0.24762508 0.75237492]
292 spam [0.4738594 0.5261406]
293 ham [0.98600788 0.01399212]
294 ham [0.99643475 0.00356525]
295 spam [0.08002575 0.91997425]
296 spam [6.77511202e-21 1.00000000e+00]
297 ham [0.6005428 0.3994572]
298 ham [9.99999999e-01 1.11266846e-09]
299 spam [0.15752895 0.84247105]
300 ham [0.99192019 0.00807981]
301 ham [9.99646711e-01 3.53288912e-04]
302 ham [0.85389061 0.14610939]
303 ham [9.99990596e-01 9.40379020e-06]
304 ham [0.94512318 0.05487682]
305 spam [1.45795343e-08 9.99999985e-01]
306 ham [0.99845596 0.00154404]
307 ham [0.98867352 0.01132648]
308 spam [0.27819707 0.72180293]
309 spam [2.30355543e-09 9.99999998e-01]
310 spam [0.28907908 0.71092092]
311 spam [1.36124775e-06 9.99998639e-01]
312 spam [4.61783783e-09 9.99999995e-01]
313 ham [1.00000000e+00 1.87600491e-11]
314 ham [9.99975262e-01 2.47382570e-05]
315 ham [9.99999143e-01 8.56529475e-07]
316 ham [0.76554524 0.23445476]
317 ham [0.70227551 0.29772449]
318 ham [0.59914478 0.40085522]
319 spam [2.19000213e-23 1.00000000e+00]
320 ham [0.89367735 0.10632265]
321 ham [0.99766985 0.00233015]
322 ham [0.9856211 0.0143789]
323 spam [5.81777350e-05 9.99941822e-01]
324 ham [0.72740422 0.27259578]
325 ham [9.99266030e-01 7.33970345e-04]
326 ham [0.94002291 0.05997709]
327 spam [0.44508465 0.55491535]
328 ham [0.99410602 0.00589398]
329 ham [9.99825406e-01 1.74594388e-04]
330 ham [9.99812151e-01 1.87848749e-04]
331 spam [0.39505508 0.60494492]
332 ham [0.97030592 0.02969408]
333 spam [2.07552489e-11 1.00000000e+00]
334 spam [4.27004757e-06 9.99995730e-01]
335 spam [2.92738278e-06 9.99997073e-01]
336 ham [9.99920151e-01 7.98490390e-05]
337 spam [0.34914175 0.65085825]
338 spam [0.39505508 0.60494492]
339 ham [9.99991450e-01 8.55040769e-06]
340 spam [0.46123436 0.53876564]
341 ham [0.88101375 0.11898625]
342 spam [0.04078548 0.95921452]
343 ham [0.69337246 0.30662754]
344 ham [9.99277865e-01 7.22135419e-04]
345 spam [0.43689927 0.56310073]
346 ham [0.99712989 0.00287011]
347 spam [0.44120451 0.55879549]
348 spam [0.24353931 0.75646069]
349 spam [1.23012596e-08 9.99999988e-01]
350 ham [9.99272386e-01 7.27614469e-04]
351 ham [0.75589236 0.24410764]
352 ham [9.99999974e-01 2.59688217e-08]
353 spam [9.08852664e-04 9.99091147e-01]
354 ham [0.95878922 0.04121078]
355 ham [0.56854114 0.43145886]
356 ham [0.87240559 0.12759441]
357 spam [3.86722776e-31 1.00000000e+00]
358 spam [1.65105572e-08 9.99999983e-01]
359 ham [9.99842081e-01 1.57918537e-04]
360 ham [0.91994133 0.08005867]
361 spam [0.43173081 0.56826919]
362 ham [0.94177656 0.05822344]
363 spam [0.32114248 0.67885752]
364 spam [0.08814325 0.91185675]
365 ham [1.00000000e+00 4.72932827e-10]
366 ham [9.99991996e-01 8.00412046e-06]
367 spam [1.21400379e-12 1.00000000e+00]
368 spam [6.13483317e-07 9.99999387e-01]
369 spam [0.41714556 0.58285444]
370 ham [9.99982538e-01 1.74621827e-05]
371 ham [1.00000000e+00 7.22623459e-14]
372 ham [9.99964995e-01 3.50054109e-05]
373 ham [9.99749378e-01 2.50622188e-04]
374 ham [1.00000000e+00 1.26172502e-16]
375 spam [2.43798085e-08 9.99999976e-01]
376 ham [0.99855884 0.00144116]
377 spam [0.05512535 0.94487465]
378 spam [0.26469907 0.73530093]
379 ham [0.97094136 0.02905864]
380 spam [0.47418429 0.52581571]
381 ham [9.99891204e-01 1.08795581e-04]
382 ham [0.99862478 0.00137522]
383 ham [0.94295272 0.05704728]
384 ham [9.99979594e-01 2.04064803e-05]
385 spam [1.15372721e-07 9.99999885e-01]
386 spam [0.18408449 0.81591551]
387 ham [9.99853177e-01 1.46822833e-04]
388 ham [9.99923384e-01 7.66155109e-05]
389 spam [3.79789669e-29 1.00000000e+00]
390 ham [0.94516023 0.05483977]
391 ham [0.84367605 0.15632395]
392 ham [0.98246998 0.01753002]
393 ham [9.99757655e-01 2.42344715e-04]
394 ham [1.00000000e+00 5.39868485e-11]
395 ham [0.96290256 0.03709744]
396 spam [0.0047848 0.9952152]
397 spam [0.34349986 0.65650014]
398 ham [0.99336066 0.00663934]
399 spam [0.20991134 0.79008866]
400 spam [0.10122957 0.89877043]
401 spam [1.05469102e-14 1.00000000e+00]
402 ham [0.99815348 0.00184652]
403 spam [0.47670771 0.52329229]
404 ham [0.99865835 0.00134165]
405 ham [0.99367714 0.00632286]
406 ham [0.80254734 0.19745266]
407 spam [0.05195925 0.94804075]
408 spam [0.24576745 0.75423255]
409 ham [0.72237602 0.27762398]
410 spam [2.70032880e-05 9.99972997e-01]
411 ham [9.99102361e-01 8.97638868e-04]
412 ham [9.99896779e-01 1.03221139e-04]
413 spam [2.46283531e-05 9.99975372e-01]
414 ham [0.88773171 0.11226829]
415 spam [2.76788872e-04 9.99723211e-01]
416 ham [0.99830582 0.00169418]
417 ham [0.99501574 0.00498426]
418 spam [9.45652546e-11 1.00000000e+00]
419 ham [9.99008652e-01 9.91347902e-04]
420 spam [9.76370864e-14 1.00000000e+00]
421 spam [0.18388345 0.81611655]
422 spam [1.54341348e-08 9.99999985e-01]
423 ham [0.6886237 0.3113763]
424 spam [1.35291393e-17 1.00000000e+00]
425 spam [9.47238866e-07 9.99999053e-01]
426 ham [0.9771805 0.0228195]
427 ham [0.97324905 0.02675095]
428 spam [0.02213999 0.97786001]
429 ham [9.99763506e-01 2.36493517e-04]
430 spam [0.00631348 0.99368652]
431 ham [0.99520327 0.00479673]
432 spam [0.00682521 0.99317479]
433 spam [2.60846511e-14 1.00000000e+00]
434 spam [0.32738186 0.67261814]
435 ham [0.8554377 0.1445623]
436 ham [0.99195785 0.00804215]
437 ham [0.53189924 0.46810076]
438 ham [0.88493034 0.11506966]
439 spam [0.00480015 0.99519985]
440 ham [9.99998164e-01 1.83628573e-06]
441 ham [0.57012117 0.42987883]
442 ham [0.82610945 0.17389055]
443 ham [9.99527639e-01 4.72360587e-04]
444 ham [9.99990712e-01 9.28811269e-06]
445 spam [6.47609033e-06 9.99993524e-01]
446 ham [9.99447344e-01 5.52655937e-04]
447 spam [0.04435031 0.95564969]
448 ham [9.99988535e-01 1.14652074e-05]
449 ham [0.99020678 0.00979322]
450 ham [0.5251452 0.4748548]
451 ham [0.60806903 0.39193097]
452 ham [9.99999942e-01 5.81121346e-08]
453 ham [0.88374172 0.11625828]
454 ham [9.99961661e-01 3.83387235e-05]
455 spam [1.10906737e-08 9.99999989e-01]
456 ham [0.7951438 0.2048562]
457 spam [4.49349346e-04 9.99550651e-01]
458 ham [0.8818631 0.1181369]
459 ham [0.80980996 0.19019004]
460 ham [0.94911935 0.05088065]
461 ham [0.99855972 0.00144028]
462 spam [0.21469034 0.78530966]
463 spam [1.16857425e-18 1.00000000e+00]
464 ham [9.99977317e-01 2.26833951e-05]
465 ham [9.99999843e-01 1.57407988e-07]
466 ham [0.68782466 0.31217534]
467 ham [0.83358823 0.16641177]
468 ham [9.99317829e-01 6.82171113e-04]
469 spam [0.37508521 0.62491479]
470 ham [0.98227127 0.01772873]
471 spam [4.23230279e-13 1.00000000e+00]
472 ham [0.7325596 0.2674404]
473 ham [0.8260905 0.1739095]
474 spam [2.89205824e-23 1.00000000e+00]
475 spam [1.19120194e-06 9.99998809e-01]
476 ham [0.98984589 0.01015411]
477 ham [0.95958437 0.04041563]
478 spam [0.14141774 0.85858226]
479 ham [9.99912809e-01 8.71912797e-05]
480 ham [0.99890643 0.00109357]
481 ham [0.99816686 0.00183314]
482 ham [0.99851753 0.00148247]
483 ham [0.91008593 0.08991407]
484 ham [0.99319534 0.00680466]
485 spam [0.00620762 0.99379238]
486 ham [0.86391984 0.13608016]
487 spam [1.06327972e-12 1.00000000e+00]
488 ham [0.86347639 0.13652361]
489 ham [0.97361405 0.02638595]
490 ham [0.99770183 0.00229817]
491 ham [0.99683265 0.00316735]
492 spam [9.12942693e-28 1.00000000e+00]
493 ham [0.99869939 0.00130061]
494 ham [0.9897088 0.0102912]
495 ham [0.99426751 0.00573249]
496 spam [0.49766234 0.50233766]
497 ham [9.99922273e-01 7.77266852e-05]
498 ham [0.96502232 0.03497768]
499 spam [0.06522329 0.93477671]
500 ham [9.99264617e-01 7.35383025e-04]
501 spam [5.30216587e-04 9.99469783e-01]
502 ham [0.99361032 0.00638968]
503 ham [0.6366065 0.3633935]
504 spam [0.00954815 0.99045185]
505 spam [1.21323585e-15 1.00000000e+00]
506 ham [0.99566558 0.00433442]
507 spam [0.0778711 0.9221289]
508 ham [0.98870254 0.01129746]
509 ham [0.76792906 0.23207094]
510 spam [1.13728952e-10 1.00000000e+00]
511 ham [9.99915071e-01 8.49287893e-05]
512 spam [0.37515433 0.62484567]
513 ham [0.81946159 0.18053841]
514 spam [0.39717021 0.60282979]
515 spam [1.21221526e-13 1.00000000e+00]
516 spam [0.21053124 0.78946876]
517 spam [1.00286451e-14 1.00000000e+00]
518 spam [7.55129658e-04 9.99244870e-01]
519 ham [0.99633024 0.00366976]
520 ham [0.98654187 0.01345813]
521 spam [0.46190947 0.53809053]
522 ham [9.99969752e-01 3.02483190e-05]
523 ham [0.97209108 0.02790892]
524 ham [0.68068306 0.31931694]
525 spam [3.21636337e-17 1.00000000e+00]
526 ham [0.69071557 0.30928443]
527 spam [4.77380954e-12 1.00000000e+00]
528 ham [0.97915192 0.02084808]
529 spam [1.25552827e-06 9.99998744e-01]
530 ham [0.92498974 0.07501026]
531 spam [4.46137542e-17 1.00000000e+00]
532 spam [0.2637247 0.7362753]
533 ham [0.99699785 0.00300215]
534 ham [0.85168778 0.14831222]
535 ham [1.00000000e+00 2.18924228e-13]
536 ham [9.99998548e-01 1.45211044e-06]
537 ham [9.99540837e-01 4.59162530e-04]
538 ham [0.96403783 0.03596217]
539 ham [0.9322671 0.0677329]
540 ham [0.99224567 0.00775433]
541 spam [2.67086791e-06 9.99997329e-01]
542 spam [2.28666272e-06 9.99997713e-01]
543 ham [0.9988436 0.0011564]
544 spam [0.00462933 0.99537067]
545 ham [0.84467386 0.15532614]
546 spam [0.38132728 0.61867272]
547 ham [1.00000000e+00 1.03544741e-14]
548 ham [0.83015605 0.16984395]
549 ham [0.98748189 0.01251811]
550 ham [9.99999768e-01 2.32197608e-07]
551 ham [0.98743436 0.01256564]
552 spam [0.02614316 0.97385684]
553 spam [8.66089742e-04 9.99133910e-01]
554 ham [9.99997843e-01 2.15747983e-06]
555 spam [0.0029681 0.9970319]
556 spam [0.02667139 0.97332861]
557 ham [0.9551553 0.0448447]
558 ham [9.99995445e-01 4.55472327e-06]
559 ham [9.99673244e-01 3.26755990e-04]
560 spam [7.67810211e-05 9.99923219e-01]
561 ham [0.58079315 0.41920685]
562 ham [0.9487958 0.0512042]
563 ham [9.99998365e-01 1.63489792e-06]
564 spam [7.52458436e-35 1.00000000e+00]
565 ham [1.00000000e+00 6.77422232e-18]
566 spam [0.0072569 0.9927431]
567 ham [0.52764677 0.47235323]
568 ham [1.00000000e+00 1.09418187e-10]
569 ham [9.99076502e-01 9.23498290e-04]
570 spam [0.19327976 0.80672024]
571 ham [0.99789584 0.00210416]
572 ham [9.99975633e-01 2.43668934e-05]
573 ham [0.98955622 0.01044378]
574 ham [0.56711667 0.43288333]
575 ham [0.78055148 0.21944852]
576 spam [2.04863695e-15 1.00000000e+00]
577 ham [9.99896262e-01 1.03738188e-04]
578 ham [9.99906966e-01 9.30342457e-05]
579 spam [5.46345038e-12 1.00000000e+00]
580 spam [0.00193654 0.99806346]
581 ham [0.87907779 0.12092221]
582 ham [9.99976772e-01 2.32281767e-05]
583 spam [7.33198535e-22 1.00000000e+00]
584 ham [9.99772637e-01 2.27362688e-04]
585 ham [0.6566023 0.3433977]
586 ham [0.99413486 0.00586514]
587 spam [0.01278255 0.98721745]
588 spam [0.15140904 0.84859096]
589 spam [0.14093448 0.85906552]
590 ham [9.99510850e-01 4.89149886e-04]
591 spam [3.88629508e-09 9.99999996e-01]
592 spam [2.39830406e-16 1.00000000e+00]
593 spam [1.71789761e-15 1.00000000e+00]
594 ham [0.87580087 0.12419913]
595 spam [0.00251179 0.99748821]
596 ham [0.98901028 0.01098972]
597 ham [9.99973702e-01 2.62983840e-05]
598 spam [5.15373210e-08 9.99999948e-01]
599 spam [0.1312217 0.8687783]
600 ham [0.99372811 0.00627189]
601 spam [8.20384134e-05 9.99917962e-01]
602 ham [9.99827924e-01 1.72075932e-04]
603 ham [0.71171921 0.28828079]
604 ham [0.99758092 0.00241908]
605 ham [0.95474482 0.04525518]
606 ham [0.75941771 0.24058229]
607 spam [5.33387696e-07 9.99999467e-01]
608 ham [9.99981273e-01 1.87273235e-05]
609 ham [0.70853304 0.29146696]
610 ham [0.99602301 0.00397699]
611 spam [1.66804213e-09 9.99999998e-01]
612 spam [0.02523132 0.97476868]
613 ham [0.96917248 0.03082752]
614 spam [2.23256334e-08 9.99999978e-01]
615 ham [0.83256541 0.16743459]
616 ham [9.99803322e-01 1.96678033e-04]
617 ham [0.99305542 0.00694458]
618 ham [0.97280337 0.02719663]
619 spam [0.40223561 0.59776439]
620 spam [0.00100799 0.99899201]
621 ham [9.99977046e-01 2.29535913e-05]
622 spam [0.2745265 0.7254735]
623 spam [3.23546025e-05 9.99967645e-01]
624 ham [0.99464916 0.00535084]
625 spam [0.46997006 0.53002994]
626 spam [0.08426534 0.91573466]
627 ham [0.95972328 0.04027672]
628 ham [9.99999144e-01 8.55685857e-07]
629 spam [4.37502385e-09 9.99999996e-01]
630 spam [1.3590878e-15 1.0000000e+00]
631 ham [9.99804608e-01 1.95391808e-04]
632 ham [0.71114476 0.28885524]
633 ham [0.99790228 0.00209772]
634 spam [0.00601974 0.99398026]
635 spam [6.52867726e-11 1.00000000e+00]
636 ham [0.98782851 0.01217149]
637 ham [9.99849704e-01 1.50295859e-04]
638 ham [0.93225296 0.06774704]
639 ham [0.99489909 0.00510091]
640 ham [0.57862794 0.42137206]
641 ham [9.99998064e-01 1.93562915e-06]
642 spam [0.23791228 0.76208772]
643 ham [0.9934498 0.0065502]
644 spam [0.34511429 0.65488571]
645 spam [0.01958166 0.98041834]
646 spam [0.35987962 0.64012038]
647 ham [9.99999924e-01 7.64776009e-08]
648 spam [6.46866695e-15 1.00000000e+00]
649 ham [0.82474255 0.17525745]
650 spam [1.49521542e-18 1.00000000e+00]
651 spam [0.02241012 0.97758988]
652 ham [0.86998442 0.13001558]
653 ham [9.99964482e-01 3.55175660e-05]
654 ham [9.99970486e-01 2.95144923e-05]
655 ham [9.99996336e-01 3.66430779e-06]
656 ham [0.66423728 0.33576272]
657 ham [0.9124028 0.0875972]
658 ham [9.99999980e-01 2.02797052e-08]
659 ham [9.99839466e-01 1.60534433e-04]
660 spam [0.00133638 0.99866362]
661 spam [7.45606911e-05 9.99925439e-01]
662 spam [0.25776069 0.74223931]
663 ham [0.98824441 0.01175559]
664 spam [0.2206755 0.7793245]
665 ham [0.8636745 0.1363255]
666 spam [0.02689565 0.97310435]
667 ham [1.00000000e+00 3.83155255e-10]
668 ham [0.51916014 0.48083986]
669 ham [0.99699195 0.00300805]
670 ham [0.93343453 0.06656547]
671 spam [0.02014097 0.97985903]
672 spam [8.44955207e-09 9.99999992e-01]
673 spam [1.25459724e-14 1.00000000e+00]
674 ham [1.00000000e+00 3.63110117e-11]
675 ham [9.99977633e-01 2.23669666e-05]
676 ham [0.98425585 0.01574415]
677 spam [0.07781646 0.92218354]
678 ham [0.90583736 0.09416264]
679 ham [0.74486173 0.25513827]
680 ham [0.52095435 0.47904565]
681 ham [0.94291224 0.05708776]
682 spam [0.06715125 0.93284875]
683 ham [0.91585584 0.08414416]
684 spam [0.00433571 0.99566429]
685 ham [9.99997738e-01 2.26227918e-06]
686 ham [0.97934164 0.02065836]
687 spam [1.21168964e-08 9.99999988e-01]
688 ham [0.98912132 0.01087868]
689 ham [0.87342899 0.12657101]
690 spam [0.03154238 0.96845762]
691 ham [0.50490388 0.49509612]
692 spam [1.05209883e-04 9.99894790e-01]
693 ham [9.99752734e-01 2.47265517e-04]
694 spam [0.08970452 0.91029548]
695 ham [9.99026662e-01 9.73337813e-04]
696 ham [0.94093043 0.05906957]
697 ham [0.70572751 0.29427249]
698 ham [9.99981585e-01 1.84150776e-05]
699 ham [0.98925665 0.01074335]
700 spam [0.01193936 0.98806064]
701 ham [0.98973997 0.01026003]
702 ham [9.99991902e-01 8.09770119e-06]
703 spam [0.49604027 0.50395973]
704 ham [9.99747719e-01 2.52281361e-04]
705 ham [0.99139465 0.00860535]
706 ham [9.99939252e-01 6.07477561e-05]
707 ham [0.99738068 0.00261932]
708 ham [0.94073199 0.05926801]
709 spam [8.58835669e-10 9.99999999e-01]
710 spam [1.22363161e-30 1.00000000e+00]
711 spam [2.38305398e-09 9.99999998e-01]
712 ham [1.00000000e+00 9.97767642e-11]
713 spam [0.01630393 0.98369607]
714 ham [0.99456932 0.00543068]
715 ham [0.96316514 0.03683486]
716 ham [9.99973644e-01 2.63563454e-05]
717 spam [8.85924078e-13 1.00000000e+00]
718 ham [9.99190578e-01 8.09422430e-04]
719 spam [1.15091706e-32 1.00000000e+00]
720 ham [9.99715358e-01 2.84642282e-04]
721 ham [0.9780382 0.0219618]
722 ham [0.93841932 0.06158068]
723 ham [0.55745072 0.44254928]
724 spam [0.41993963 0.58006037]
725 ham [9.99999982e-01 1.84823832e-08]
726 spam [0.0196215 0.9803785]
727 ham [9.99999726e-01 2.74004854e-07]
728 spam [0.21984985 0.78015015]
729 spam [0.02904256 0.97095744]
730 ham [0.99634872 0.00365128]
731 spam [2.49201440e-04 9.99750799e-01]
732 spam [0.49221394 0.50778606]
733 ham [9.99213770e-01 7.86229525e-04]
734 spam [0.01558333 0.98441667]
735 spam [0.0859547 0.9140453]
736 ham [0.99695492 0.00304508]
737 ham [0.91123942 0.08876058]
738 spam [4.7255388e-11 1.0000000e+00]
739 ham [0.99785613 0.00214387]
740 spam [2.36275689e-04 9.99763724e-01]
741 ham [9.99997268e-01 2.73153104e-06]
742 ham [0.92580151 0.07419849]
743 ham [9.99999998e-01 2.04355340e-09]
744 spam [0.15859017 0.84140983]
745 spam [0.18971326 0.81028674]
746 ham [0.97065881 0.02934119]
747 ham [9.99998413e-01 1.58712931e-06]
748 spam [3.90480755e-05 9.99960952e-01]
749 ham [9.99949825e-01 5.01746237e-05]
