0 ham [9.99824784e-01 1.75215765e-04]
1 ham [0.9602904 0.0397096]
2 spam [3.81675392e-07 9.99999618e-01]
3 ham [9.99929032e-01 7.09682385e-05]
4 ham [9.99895657e-01 1.04342967e-04]
5 ham [9.99050852e-01 9.49148373e-04]
6 ham [9.99999513e-01 4.87054768e-07]
7 ham [0.99845981 0.00154019]
8 spam [4.08803861e-07 9.99999591e-01]
9 spam [6.84544197e-05 9.99931546e-01]
10 ham [9.99998948e-01 1.05195315e-06]
11 spam [7.22239435e-04 9.99277761e-01]
12 spam [0.17355598 0.82644402]
13 ham [9.99999993e-01 7.43630924e-09]
14 ham [0.85481481 0.14518519]
15 spam [0.23660762 0.76339238]
16 ham [0.60023291 0.39976709]
17 ham [9.99991982e-01 8.01842089e-06]
18 ham [9.99982805e-01 1.71951680e-05]
19 spam [0.02106034 0.97893966]
20 ham [0.9979705 0.0020295]
21 ham [0.8296993 0.1703007]
22 ham [9.99599044e-01 4.00955936e-04]
23 ham [1.00000000e+00 1.07288134e-10]
24 ham [9.99854202e-01 1.45798408e-04]
25 ham [9.99500871e-01 4.99129177e-04]
26 ham [0.99180239 0.00819761]
27 ham [9.99999997e-01 3.34240664e-09]
28 ham [9.99999473e-01 5.26974985e-07]
29 ham [0.99756751 0.00243249]
30 ham [1.00000000e+00 2.30782583e-11]
31 ham [1.00000000e+00 1.09534679e-13]
32 ham [0.99818598 0.00181402]
33 ham [9.99682209e-01 3.17791020e-04]
34 ham [0.88985176 0.11014824]
35 ham [1.00000000e+00 8.27930329e-11]
36 ham [9.99996650e-01 3.34974232e-06]
37 ham [9.99213392e-01 7.86608130e-04]
38 ham [0.85644989 0.14355011]
39 ham [9.99900222e-01 9.97779584e-05]
40 ham [0.9969269 0.0030731]
41 ham [1.00000000e+00 4.12841415e-14]
42 spam [2.29496578e-06 9.99997705e-01]
43 ham [0.85481481 0.14518519]
44 ham [9.99995249e-01 4.75139135e-06]
45 ham [0.81734013 0.18265987]
46 ham [0.99539939 0.00460061]
47 ham [0.9348897 0.0651103]
48 ham [9.99997754e-01 2.24551169e-06]
49 ham [9.99904301e-01 9.56985500e-05]
50 ham [9.99999323e-01 6.76818190e-07]
51 ham [9.99997861e-01 2.13945969e-06]
52 ham [9.99599307e-01 4.00692886e-04]
53 ham [1.0000000e+00 1.4068323e-16]
54 ham [0.73983478 0.26016522]
55 ham [0.99848913 0.00151087]
56 spam [9.18966395e-05 9.99908103e-01]
57 ham [0.99210932 0.00789068]
58 ham [0.99538103 0.00461897]
59 ham [0.91311582 0.08688418]
60 ham [9.99984660e-01 1.53404611e-05]
61 ham [0.98381575 0.01618425]
62 ham [0.96008653 0.03991347]
63 ham [9.99998017e-01 1.98334732e-06]
64 ham [9.99999989e-01 1.09225344e-08]
65 ham [0.79306116 0.20693884]
66 ham [9.99186678e-01 8.13322120e-04]
67 spam [1.27009317e-04 9.99872991e-01]
68 ham [9.99698211e-01 3.01789418e-04]
69 ham [0.98214957 0.01785043]
70 ham [0.8811947 0.1188053]
71 ham [0.98675352 0.01324648]
72 ham [0.85481481 0.14518519]
73 ham [0.93000661 0.06999339]
74 ham [0.99761768 0.00238232]
75 ham [0.99872936 0.00127064]
76 ham [9.99989811e-01 1.01891847e-05]
77 ham [9.99982040e-01 1.79600221e-05]
78 ham [9.99639708e-01 3.60291812e-04]
79 ham [9.99989720e-01 1.02799414e-05]
80 ham [0.96603246 0.03396754]
81 ham [0.99845679 0.00154321]
82 ham [9.99998837e-01 1.16282648e-06]
83 ham [9.99995395e-01 4.60483760e-06]
84 ham [0.60248121 0.39751879]
85 ham [0.99142894 0.00857106]
86 ham [9.99999859e-01 1.41427123e-07]
87 ham [9.99999827e-01 1.72723627e-07]
88 ham [9.99943840e-01 5.61602486e-05]
89 ham [0.81545952 0.18454048]
90 spam [0.39184271 0.60815729]
91 ham [1.00000000e+00 4.22634209e-14]
92 ham [9.99999347e-01 6.52814315e-07]
93 spam [3.84612324e-09 9.99999996e-01]
94 ham [9.99983213e-01 1.67866099e-05]
95 spam [0.03047666 0.96952334]
96 ham [0.7006748 0.2993252]
97 ham [9.99997025e-01 2.97535974e-06]
98 ham [9.99999992e-01 7.57590976e-09]
99 ham [0.96728315 0.03271685]
100 ham [0.98908402 0.01091598]
101 ham [9.99297919e-01 7.02080699e-04]
102 ham [0.99822171 0.00177829]
103 ham [0.98547554 0.01452446]
104 ham [9.99999849e-01 1.51298888e-07]
105 ham [9.99965990e-01 3.40101463e-05]
106 ham [9.99445273e-01 5.54726733e-04]
107 ham [0.99899611 0.00100389]
108 ham [9.99721243e-01 2.78756894e-04]
109 ham [9.99975178e-01 2.48217339e-05]
110 ham [0.9035065 0.0964935]
111 ham [0.97697023 0.02302977]
112 ham [0.9176247 0.0823753]
113 ham [1.00000000e+00 2.58245829e-10]
114 spam [3.36289965e-08 9.99999966e-01]
115 ham [0.99239004 0.00760996]
116 ham [9.99999992e-01 8.36754108e-09]
117 spam [1.14223244e-09 9.99999999e-01]
118 spam [0.20762575 0.79237425]
119 ham [9.99599186e-01 4.00813625e-04]
120 spam [4.72783993e-04 9.99527216e-01]
121 spam [0.0059664 0.9940336]
122 ham [9.99854993e-01 1.45006727e-04]
123 spam [4.26804185e-07 9.99999573e-01]
124 ham [0.99798529 0.00201471]
125 ham [0.92885468 0.07114532]
126 ham [0.96604591 0.03395409]
127 ham [1.00000000e+00 3.26565899e-13]
128 ham [0.99562827 0.00437173]
129 ham [0.85481481 0.14518519]
130 ham [0.99687124 0.00312876]
131 ham [0.92277334 0.07722666]
132 ham [0.88997884 0.11002116]
133 ham [0.95708127 0.04291873]
134 ham [0.99845725 0.00154275]
135 spam [0.00152282 0.99847718]
136 spam [0.43829145 0.56170855]
137 ham [0.99884091 0.00115909]
138 ham [0.95399798 0.04600202]
139 ham [0.94476015 0.05523985]
140 ham [9.99990617e-01 9.38307020e-06]
141 ham [9.99952012e-01 4.79878729e-05]
142 ham [0.85762129 0.14237871]
143 ham [9.99455668e-01 5.44332113e-04]
144 ham [9.99889884e-01 1.10116190e-04]
145 ham [0.99368288 0.00631712]
146 ham [0.89176946 0.10823054]
147 ham [0.89219369 0.10780631]
148 ham [0.99776411 0.00223589]
149 ham [0.97906775 0.02093225]
150 ham [0.99860241 0.00139759]
151 ham [9.99672457e-01 3.27542560e-04]
152 ham [9.99941427e-01 5.85729234e-05]
153 ham [0.75193545 0.24806455]
154 ham [0.98547554 0.01452446]
155 ham [1.00000000e+00 1.45911387e-25]
156 ham [0.9886749 0.0113251]
157 ham [0.98161647 0.01838353]
158 ham [1.00000000e+00 7.50025649e-13]
159 spam [0.00283476 0.99716524]
160 spam [1.49258387e-09 9.99999999e-01]
161 ham [9.99999996e-01 4.30174859e-09]
162 ham [9.99805841e-01 1.94158584e-04]
163 ham [9.99999678e-01 3.22309681e-07]
164 ham [0.96239147 0.03760853]
165 spam [0.35008543 0.64991457]
166 ham [0.9530445 0.0469555]
167 spam [5.99148305e-06 9.99994009e-01]
168 ham [0.70806986 0.29193014]
169 ham [0.99636837 0.00363163]
170 ham [0.94078641 0.05921359]
171 ham [0.99735167 0.00264833]
172 ham [9.99674530e-01 3.25469792e-04]
173 ham [9.99607359e-01 3.92641498e-04]
174 ham [9.99987788e-01 1.22116566e-05]
175 ham [9.99982313e-01 1.76872951e-05]
176 ham [9.99999992e-01 7.98272959e-09]
177 ham [0.99765713 0.00234287]
178 ham [1.00000000e+00 1.40410226e-10]
179 ham [9.99999991e-01 8.96278166e-09]
180 ham [9.99995329e-01 4.67145751e-06]
181 ham [9.99999994e-01 6.03090561e-09]
182 ham [0.99715692 0.00284308]
183 ham [9.99944126e-01 5.58739239e-05]
184 ham [0.84959665 0.15040335]
185 ham [0.84394515 0.15605485]
186 ham [9.99999998e-01 1.88422657e-09]
187 ham [0.99334346 0.00665654]
188 spam [1.44622715e-08 9.99999986e-01]
189 ham [9.9999985e-01 1.4968851e-07]
190 ham [9.99998058e-01 1.94150896e-06]
191 ham [0.80541955 0.19458045]
192 ham [1.00000000e+00 3.26809244e-10]
193 ham [0.98077832 0.01922168]
194 ham [0.99150547 0.00849453]
195 ham [9.99928466e-01 7.15338255e-05]
196 ham [0.9966265 0.0033735]
197 ham [9.99882113e-01 1.17887387e-04]
198 ham [9.99018783e-01 9.81216747e-04]
199 ham [1.00000000e+00 1.28279634e-11]
200 ham [9.99470818e-01 5.29182145e-04]
201 ham [0.99788015 0.00211985]
202 ham [9.99999869e-01 1.30862254e-07]
203 ham [9.99373997e-01 6.26002586e-04]
204 ham [0.74928081 0.25071919]
205 ham [0.97557125 0.02442875]
206 ham [9.99973705e-01 2.62954670e-05]
207 ham [9.99999996e-01 3.51244010e-09]
208 spam [0.42838348 0.57161652]
209 ham [0.90063767 0.09936233]
210 ham [9.99927057e-01 7.29431744e-05]
211 ham [9.99642699e-01 3.57301480e-04]
212 ham [9.99684684e-01 3.15315792e-04]
213 ham [0.85648474 0.14351526]
214 ham [0.91286072 0.08713928]
215 ham [0.99810685 0.00189315]
216 spam [0.30475954 0.69524046]
217 ham [0.97258179 0.02741821]
218 ham [0.91489119 0.08510881]
219 ham [0.94013238 0.05986762]
220 ham [1.00000000e+00 3.73627064e-14]
221 ham [0.95707304 0.04292696]
222 ham [9.99998020e-01 1.97987943e-06]
223 ham [0.96289836 0.03710164]
224 ham [9.99995185e-01 4.81544888e-06]
225 spam [2.37311081e-05 9.99976269e-01]
226 ham [9.99977914e-01 2.20856508e-05]
227 spam [0.00271138 0.99728862]
228 ham [0.59981579 0.40018421]
229 ham [9.99048041e-01 9.51958882e-04]
230 ham [9.99937700e-01 6.23001043e-05]
231 ham [9.99773649e-01 2.26351316e-04]
232 ham [0.99876273 0.00123727]
233 ham [0.94167106 0.05832894]
234 ham [0.99401666 0.00598334]
235 spam [0.04699411 0.95300589]
236 ham [0.99898872 0.00101128]
237 ham [9.99731385e-01 2.68615220e-04]
238 ham [0.85132436 0.14867564]
239 ham [9.99857254e-01 1.42746375e-04]
240 ham [0.99739171 0.00260829]
241 ham [9.99697006e-01 3.02993672e-04]
242 ham [0.8562963 0.1437037]
243 ham [0.99879233 0.00120767]
244 ham [1.00000000e+00 1.18363419e-11]
245 ham [0.98891274 0.01108726]
246 ham [9.99998435e-01 1.56451292e-06]
247 ham [0.99470145 0.00529855]
248 ham [0.86164627 0.13835373]
249 ham [9.99998576e-01 1.42380764e-06]
250 spam [7.55561889e-11 1.00000000e+00]
251 spam [0.35565867 0.64434133]
252 ham [9.99914273e-01 8.57270534e-05]
253 ham [0.98576039 0.01423961]
254 ham [9.99997561e-01 2.43883670e-06]
255 ham [9.99321722e-01 6.78277609e-04]
256 ham [9.99833882e-01 1.66117827e-04]
257 ham [0.99834591 0.00165409]
258 ham [9.99939575e-01 6.04254791e-05]
259 spam [3.56824193e-04 9.99643176e-01]
260 ham [9.99930423e-01 6.95773672e-05]
261 ham [0.8562963 0.1437037]
262 ham [9.99999340e-01 6.59591089e-07]
263 ham [0.74800288 0.25199712]
264 spam [0.31272011 0.68727989]
265 ham [0.99547649 0.00452351]
266 ham [0.82929549 0.17070451]
267 ham [0.9983643 0.0016357]
268 spam [6.74242108e-05 9.99932576e-01]
269 ham [0.82809641 0.17190359]
270 spam [0.01820743 0.98179257]
271 spam [0.35335803 0.64664197]
272 ham [9.99910103e-01 8.98966935e-05]
273 spam [0.02186996 0.97813004]
274 ham [0.99841531 0.00158469]
275 ham [0.82668563 0.17331437]
276 ham [0.8562963 0.1437037]
277 ham [0.95553386 0.04446614]
278 ham [9.99647100e-01 3.52899758e-04]
279 ham [9.99947011e-01 5.29885974e-05]
280 ham [0.89299282 0.10700718]
281 ham [0.99321051 0.00678949]
282 ham [9.99996616e-01 3.38417726e-06]
283 ham [0.98056199 0.01943801]
284 ham [0.8562963 0.1437037]
285 ham [9.99999997e-01 2.83824625e-09]
286 ham [9.99999467e-01 5.33307444e-07]
287 ham [0.8562963 0.1437037]
288 ham [1.00000000e+00 1.20063168e-12]
289 ham [9.99999991e-01 8.52005598e-09]
290 ham [0.99331219 0.00668781]
291 ham [0.97471304 0.02528696]
292 ham [9.99413981e-01 5.86018777e-04]
293 ham [0.99498623 0.00501377]
294 ham [0.99160094 0.00839906]
295 ham [0.77419426 0.22580574]
296 spam [1.32735787e-06 9.99998673e-01]
297 ham [0.997566 0.002434]
298 ham [1.00000000e+00 4.49120184e-12]
299 ham [0.96055147 0.03944853]
300 ham [9.99934390e-01 6.56100738e-05]
301 ham [9.99998151e-01 1.84875864e-06]
302 ham [9.99999980e-01 2.03934646e-08]
303 ham [9.99994086e-01 5.91390308e-06]
304 ham [0.8263381 0.1736619]
305 spam [0.46586072 0.53413928]
306 ham [9.99950663e-01 4.93371054e-05]
307 ham [9.99326940e-01 6.73059776e-04]
308 ham [0.99690128 0.00309872]
309 spam [0.02666081 0.97333919]
310 ham [0.82712906 0.17287094]
311 ham [0.98562484 0.01437516]
312 spam [0.05840416 0.94159584]
313 ham [1.0000000e+00 1.1213382e-10]
314 ham [9.99999995e-01 4.71945559e-09]
315 ham [9.99969825e-01 3.01748996e-05]
316 ham [0.88284601 0.11715399]
317 ham [9.99962513e-01 3.74869087e-05]
318 ham [0.99378053 0.00621947]
319 spam [6.35227359e-06 9.99993648e-01]
320 ham [0.97351843 0.02648157]
321 ham [9.99837625e-01 1.62375199e-04]
322 ham [9.99922243e-01 7.77570561e-05]
323 ham [0.99406014 0.00593986]
324 ham [9.99996490e-01 3.50965226e-06]
325 ham [0.97307807 0.02692193]
326 ham [0.81888863 0.18111137]
327 ham [0.80767435 0.19232565]
328 ham [9.99951354e-01 4.86459332e-05]
329 ham [0.99893387 0.00106613]
330 ham [9.99993069e-01 6.93082482e-06]
331 ham [0.60114151 0.39885849]
332 ham [9.99954174e-01 4.58263090e-05]
333 spam [2.59057719e-04 9.99740942e-01]
334 ham [9.99987402e-01 1.25982565e-05]
335 ham [0.89135871 0.10864129]
336 ham [9.99944940e-01 5.50604931e-05]
337 ham [0.99621445 0.00378555]
338 ham [0.60114151 0.39885849]
339 ham [0.9630345 0.0369655]
340 ham [0.98405307 0.01594693]
341 ham [0.98309424 0.01690576]
342 ham [9.99913482e-01 8.65178634e-05]
343 ham [0.86202218 0.13797782]
344 ham [9.99708759e-01 2.91241452e-04]
345 ham [0.83829334 0.16170666]
346 ham [0.98525448 0.01474552]
347 ham [9.99919756e-01 8.02439554e-05]
348 ham [0.72740468 0.27259532]
349 spam [0.00412321 0.99587679]
350 ham [9.99785780e-01 2.14219777e-04]
351 ham [0.99875405 0.00124595]
352 ham [9.99999965e-01 3.54601094e-08]
353 ham [9.99986607e-01 1.33930005e-05]
354 ham [9.99999955e-01 4.46777452e-08]
355 ham [0.99216307 0.00783693]
356 ham [9.99999863e-01 1.37129915e-07]
357 spam [4.29525273e-11 1.00000000e+00]
358 spam [0.00738797 0.99261203]
359 ham [9.99999999e-01 5.64937487e-10]
360 ham [9.99767841e-01 2.32158857e-04]
361 ham [0.79218877 0.20781123]
362 ham [0.97250669 0.02749331]
363 ham [0.79678825 0.20321175]
364 ham [0.98725161 0.01274839]
365 ham [1.00000000e+00 2.57236405e-13]
366 ham [9.99999353e-01 6.46836141e-07]
367 spam [4.42368521e-04 9.99557631e-01]
368 spam [0.00521715 0.99478285]
369 ham [0.88344741 0.11655259]
370 ham [9.99573276e-01 4.26724425e-04]
371 ham [1.0000000e+00 6.1008934e-12]
372 ham [9.99899153e-01 1.00847337e-04]
373 ham [9.99962880e-01 3.71202743e-05]
374 ham [1.00000000e+00 6.19322377e-18]
375 spam [0.11669974 0.88330026]
376 ham [0.99826176 0.00173824]
377 ham [0.88850997 0.11149003]
378 ham [9.99996957e-01 3.04349287e-06]
379 ham [0.99801273 0.00198727]
380 ham [9.99999401e-01 5.99285447e-07]
381 ham [1.00000000e+00 5.52763606e-16]
382 ham [9.99851397e-01 1.48602670e-04]
383 ham [0.99777128 0.00222872]
384 ham [9.99955266e-01 4.47337073e-05]
385 spam [0.37584136 0.62415864]
386 ham [0.82026977 0.17973023]
387 ham [9.99332725e-01 6.67275122e-04]
388 ham [9.99938829e-01 6.11708076e-05]
389 spam [3.12579999e-08 9.99999969e-01]
390 ham [9.99162265e-01 8.37734559e-04]
391 ham [0.96639033 0.03360967]
392 ham [9.99895568e-01 1.04431825e-04]
393 ham [9.99535209e-01 4.64790511e-04]
394 ham [1.00000000e+00 9.87412136e-13]
395 ham [9.99382492e-01 6.17508373e-04]
396 ham [0.98337149 0.01662851]
397 ham [9.99969940e-01 3.00599288e-05]
398 ham [1.0000000e+00 1.7507802e-11]
399 ham [9.99999948e-01 5.23797379e-08]
400 ham [0.97308078 0.02691922]
401 spam [1.23195280e-06 9.99998768e-01]
402 ham [9.99278748e-01 7.21252262e-04]
403 ham [0.96476899 0.03523101]
404 ham [9.99851216e-01 1.48784448e-04]
405 ham [9.99674541e-01 3.25459008e-04]
406 ham [0.99612232 0.00387768]
407 ham [9.99999681e-01 3.19288375e-07]
408 ham [0.87807709 0.12192291]
409 ham [0.85758325 0.14241675]
410 ham [0.74793557 0.25206443]
411 ham [9.99993807e-01 6.19320000e-06]
412 ham [9.99869772e-01 1.30227762e-04]
413 ham [0.58954178 0.41045822]
414 ham [0.99079503 0.00920497]
415 spam [0.00341985 0.99658015]
416 ham [9.99116954e-01 8.83045979e-04]
417 ham [0.99477824 0.00522176]
418 spam [1.64178710e-04 9.99835821e-01]
419 ham [9.99921502e-01 7.84982173e-05]
420 spam [5.9344043e-04 9.9940656e-01]
421 ham [0.92783996 0.07216004]
422 ham [0.77062578 0.22937422]
423 ham [0.94857485 0.05142515]
424 spam [2.22373385e-05 9.99977763e-01]
425 ham [0.8106701 0.1893299]
426 ham [0.98662655 0.01337345]
427 ham [0.9191879 0.0808121]
428 spam [0.40497395 0.59502605]
429 ham [9.99999803e-01 1.96545382e-07]
430 ham [9.99913242e-01 8.67575713e-05]
431 ham [0.99425445 0.00574555]
432 ham [0.97210857 0.02789143]
433 spam [9.56244991e-07 9.99999044e-01]
434 ham [0.68136697 0.31863303]
435 ham [9.99661328e-01 3.38671800e-04]
436 ham [9.99994995e-01 5.00512261e-06]
437 ham [9.99071524e-01 9.28475886e-04]
438 ham [0.98384111 0.01615889]
439 ham [0.95420012 0.04579988]
440 ham [9.99958256e-01 4.17441338e-05]
441 ham [0.9984362 0.0015638]
442 ham [0.96651324 0.03348676]
443 ham [9.99999113e-01 8.87125526e-07]
444 ham [0.96013805 0.03986195]
445 ham [0.8562963 0.1437037]
446 ham [9.99999013e-01 9.87469100e-07]
447 ham [0.97175185 0.02824815]
448 ham [9.99999245e-01 7.55337444e-07]
449 ham [0.99871541 0.00128459]
450 ham [0.79180742 0.20819258]
451 ham [0.59838952 0.40161048]
452 ham [9.99998427e-01 1.57290911e-06]
453 ham [0.95230241 0.04769759]
454 ham [9.99999989e-01 1.08946561e-08]
455 spam [0.07118223 0.92881777]
456 ham [0.99119027 0.00880973]
457 ham [0.8562963 0.1437037]
458 ham [9.99997806e-01 2.19432318e-06]
459 ham [9.99899127e-01 1.00872887e-04]
460 ham [9.99959987e-01 4.00127826e-05]
461 ham [9.99987812e-01 1.21878983e-05]
462 ham [0.99133637 0.00866363]
463 spam [4.56932235e-04 9.99543068e-01]
464 ham [0.98242059 0.01757941]
465 ham [9.99768013e-01 2.31987087e-04]
466 ham [9.99999510e-01 4.90460935e-07]
467 ham [9.99941585e-01 5.84153196e-05]
468 ham [0.99602263 0.00397737]
469 ham [0.96533217 0.03466783]
470 ham [0.99451823 0.00548177]
471 spam [1.01459914e-04 9.99898540e-01]
472 ham [0.99386026 0.00613974]
473 ham [1.00000000e+00 8.85612611e-13]
474 spam [0.00160555 0.99839445]
475 ham [0.96918942 0.03081058]
476 ham [9.99803485e-01 1.96514825e-04]
477 ham [0.97633309 0.02366691]
478 spam [0.42695331 0.57304669]
479 ham [9.99971122e-01 2.88782952e-05]
480 ham [9.99994796e-01 5.20359817e-06]
481 ham [0.99691465 0.00308535]
482 ham [9.99999186e-01 8.14380914e-07]
483 ham [0.92259942 0.07740058]
484 ham [0.99685932 0.00314068]
485 spam [0.42471767 0.57528233]
486 ham [9.99277896e-01 7.22103869e-04]
487 spam [3.72157857e-04 9.99627842e-01]
488 ham [0.97001525 0.02998475]
489 ham [9.99992085e-01 7.91467335e-06]
490 ham [9.99735882e-01 2.64118478e-04]
491 ham [9.99999649e-01 3.50777915e-07]
492 spam [1.27495517e-04 9.99872504e-01]
493 ham [0.96129324 0.03870676]
494 ham [0.99642208 0.00357792]
495 ham [0.99463114 0.00536886]
496 ham [0.74872261 0.25127739]
497 ham [9.99999166e-01 8.33523859e-07]
498 ham [9.99739638e-01 2.60362369e-04]
499 ham [0.69095886 0.30904114]
500 ham [0.99839307 0.00160693]
501 ham [9.99943181e-01 5.68186726e-05]
502 ham [9.99260311e-01 7.39688800e-04]
503 ham [0.80491932 0.19508068]
504 ham [0.69444898 0.30555102]
505 spam [3.05638046e-06 9.99996944e-01]
506 ham [9.99999993e-01 6.86558979e-09]
507 ham [0.92465117 0.07534883]
508 ham [9.99999975e-01 2.48335864e-08]
509 ham [0.88628242 0.11371758]
510 spam [0.01009506 0.98990494]
511 ham [9.99999813e-01 1.86727890e-07]
512 ham [0.83912243 0.16087757]
513 ham [0.97526727 0.02473273]
514 ham [0.74875849 0.25124151]
515 spam [2.31224483e-04 9.99768776e-01]
516 ham [0.54674944 0.45325056]
517 spam [3.26116286e-05 9.99967388e-01]
518 ham [0.76758133 0.23241867]
519 ham [9.99999993e-01 7.05927898e-09]
520 ham [9.99995037e-01 4.96317094e-06]
521 ham [0.99024001 0.00975999]
522 ham [9.99673767e-01 3.26233329e-04]
523 ham [0.99657029 0.00342971]
524 ham [0.97265248 0.02734752]
525 spam [0.01050723 0.98949277]
526 ham [9.99704563e-01 2.95437382e-04]
527 spam [7.6631968e-04 9.9923368e-01]
528 ham [0.98978074 0.01021926]
529 ham [0.67153961 0.32846039]
530 ham [0.99456538 0.00543462]
531 spam [7.93564833e-05 9.99920644e-01]
532 ham [0.87130631 0.12869369]
533 ham [0.98431128 0.01568872]
534 ham [0.92866675 0.07133325]
535 ham [1.00000000e+00 1.05934442e-14]
536 ham [9.99999999e-01 1.26842004e-09]
537 ham [9.99953771e-01 4.62285459e-05]
538 ham [9.99979515e-01 2.04854018e-05]
539 ham [9.99983107e-01 1.68934359e-05]
540 ham [0.99823354 0.00176646]
541 spam [0.00313967 0.99686033]
542 ham [0.87261613 0.12738387]
543 ham [9.99990594e-01 9.40613262e-06]
544 ham [0.61256531 0.38743469]
545 ham [9.99998003e-01 1.99727428e-06]
546 ham [0.72329382 0.27670618]
547 ham [1.00000000e+00 3.65710946e-13]
548 ham [0.99268425 0.00731575]
549 ham [0.98894025 0.01105975]
550 ham [9.99999997e-01 2.85562165e-09]
551 ham [1.0000000e+00 8.9630559e-14]
552 ham [0.62417449 0.37582551]
553 ham [0.98499641 0.01500359]
554 ham [9.99999992e-01 8.20533384e-09]
555 ham [0.95710439 0.04289561]
556 ham [0.80155469 0.19844531]
557 ham [0.98750352 0.01249648]
558 ham [9.99998597e-01 1.40328563e-06]
559 ham [9.99025772e-01 9.74227661e-04]
560 ham [9.99957610e-01 4.23895649e-05]
561 ham [0.91660579 0.08339421]
562 ham [0.9772041 0.0227959]
563 ham [9.99997005e-01 2.99520446e-06]
564 spam [5.21974079e-08 9.99999948e-01]
565 ham [1.00000000e+00 2.86862394e-15]
566 ham [0.99798244 0.00201756]
567 ham [0.80003882 0.19996118]
568 ham [1.00000000e+00 2.65625463e-12]
569 ham [9.99908441e-01 9.15588096e-05]
570 ham [0.8562963 0.1437037]
571 ham [9.99999999e-01 1.36347110e-09]
572 ham [9.99887401e-01 1.12599332e-04]
573 ham [0.98946933 0.01053067]
574 ham [0.87413424 0.12586576]
575 ham [0.98014774 0.01985226]
576 spam [2.71227255e-04 9.99728773e-01]
577 ham [9.99991582e-01 8.41801687e-06]
578 ham [9.99963138e-01 3.68615267e-05]
579 spam [1.04960610e-05 9.99989504e-01]
580 ham [9.99830243e-01 1.69756514e-04]
581 ham [0.99778151 0.00221849]
582 ham [9.99987729e-01 1.22705689e-05]
583 spam [2.66832517e-06 9.99997332e-01]
584 ham [9.99971387e-01 2.86127003e-05]
585 ham [0.99016609 0.00983391]
586 ham [9.99990625e-01 9.37519244e-06]
587 ham [0.99145114 0.00854886]
588 ham [0.6842121 0.3157879]
589 ham [0.70885073 0.29114927]
590 ham [9.99623198e-01 3.76802253e-04]
591 spam [0.00244999 0.99755001]
592 spam [6.05986538e-05 9.99939401e-01]
593 spam [3.79182821e-04 9.99620817e-01]
594 ham [0.94910277 0.05089723]
595 ham [9.99831181e-01 1.68819214e-04]
596 ham [0.98608737 0.01391263]
597 ham [0.99755055 0.00244945]
598 spam [0.00127986 0.99872014]
599 ham [9.99120920e-01 8.79079577e-04]
600 ham [0.99276081 0.00723919]
601 ham [0.68168233 0.31831767]
602 ham [9.99999320e-01 6.80342984e-07]
603 ham [0.98589298 0.01410702]
604 ham [9.99597527e-01 4.02472858e-04]
605 ham [0.96856215 0.03143785]
606 ham [0.97059192 0.02940808]
607 spam [0.12301335 0.87698665]
608 ham [9.99998096e-01 1.90431279e-06]
609 ham [0.91416274 0.08583726]
610 ham [0.99794915 0.00205085]
611 spam [0.33113643 0.66886357]
612 ham [9.99983952e-01 1.60479877e-05]
613 ham [0.88441787 0.11558213]
614 spam [0.44416193 0.55583807]
615 ham [9.99203257e-01 7.96743101e-04]
616 ham [9.99999215e-01 7.85043557e-07]
617 ham [9.99999984e-01 1.58168258e-08]
618 ham [0.98121553 0.01878447]
619 ham [0.99524909 0.00475091]
620 ham [0.99065051 0.00934949]
621 ham [9.99987701e-01 1.22993544e-05]
622 ham [0.98938439 0.01061561]
623 ham [0.8562963 0.1437037]
624 ham [9.99910895e-01 8.91047340e-05]
625 ham [9.99452508e-01 5.47492134e-04]
626 ham [0.99038295 0.00961705]
627 ham [9.99747584e-01 2.52416229e-04]
628 ham [1.00000000e+00 3.86370903e-11]
629 spam [0.07835431 0.92164569]
630 spam [4.07347947e-06 9.99995927e-01]
631 ham [9.99956737e-01 4.32634483e-05]
632 ham [0.75002418 0.24997582]
633 ham [9.99943022e-01 5.69784250e-05]
634 ham [0.74894774 0.25105226]
635 spam [0.00348724 0.99651276]
636 ham [0.99851884 0.00148116]
637 ham [9.99998196e-01 1.80362225e-06]
638 ham [9.99440893e-01 5.59107133e-04]
639 ham [9.99758565e-01 2.41435193e-04]
640 ham [0.98543181 0.01456819]
641 ham [9.99990739e-01 9.26111967e-06]
642 ham [9.99955232e-01 4.47675772e-05]
643 ham [0.99814011 0.00185989]
644 ham [0.96756954 0.03243046]
645 ham [9.99036135e-01 9.63864726e-04]
646 ham [0.99823462 0.00176538]
647 ham [9.99999938e-01 6.22044704e-08]
648 spam [7.52774922e-04 9.99247225e-01]
649 ham [0.90428208 0.09571792]
650 spam [7.42786989e-06 9.99992572e-01]
651 ham [0.93512809 0.06487191]
652 ham [9.99997671e-01 2.32929993e-06]
653 ham [9.99961916e-01 3.80838805e-05]
654 ham [9.99606593e-01 3.93407187e-04]
655 ham [9.99732037e-01 2.67963335e-04]
656 ham [0.96725192 0.03274808]
657 ham [9.99999999e-01 1.43262148e-09]
658 ham [9.99993035e-01 6.96451330e-06]
659 ham [9.99977264e-01 2.27363700e-05]
660 spam [0.10114237 0.89885763]
661 ham [0.9842539 0.0157461]
662 ham [0.60339835 0.39660165]
663 ham [9.99954216e-01 4.57837594e-05]
664 ham [0.93233502 0.06766498]
665 ham [0.98941666 0.01058334]
666 ham [0.61010355 0.38989645]
667 ham [9.99999828e-01 1.71608299e-07]
668 ham [0.91967032 0.08032968]
669 ham [0.96698293 0.03301707]
670 ham [0.97489114 0.02510886]
671 ham [0.58477023 0.41522977]
672 spam [0.06167045 0.93832955]
673 spam [4.53476092e-04 9.99546524e-01]
674 ham [1.00000000e+00 4.83806998e-12]
675 ham [9.99993801e-01 6.19866203e-06]
676 ham [0.99788171 0.00211829]
677 ham [9.99150492e-01 8.49507785e-04]
678 ham [9.99440938e-01 5.59062087e-04]
679 ham [0.908368 0.091632]
680 ham [9.99970041e-01 2.99592114e-05]
681 ham [0.9980806 0.0019194]
682 ham [0.72053453 0.27946547]
683 ham [0.9819592 0.0180408]
684 ham [9.99994007e-01 5.99331758e-06]
685 ham [9.99999538e-01 4.62153981e-07]
686 ham [0.99789534 0.00210466]
687 ham [0.93901114 0.06098886]
688 ham [9.99999990e-01 1.04752864e-08]
689 ham [0.99655967 0.00344033]
690 ham [0.96801474 0.03198526]
691 ham [0.81313235 0.18686765]
692 ham [0.97806599 0.02193401]
693 ham [9.99940382e-01 5.96176575e-05]
694 ham [0.9981724 0.0018276]
695 ham [9.99992137e-01 7.86258022e-06]
696 ham [0.97483632 0.02516368]
697 ham [0.99775671 0.00224329]
698 ham [9.99999186e-01 8.14418686e-07]
699 ham [0.99807344 0.00192656]
700 ham [0.90531434 0.09468566]
701 ham [0.99632844 0.00367156]
702 ham [0.96395251 0.03604749]
703 ham [0.99586263 0.00413737]
704 ham [9.99998358e-01 1.64203026e-06]
705 ham [9.99971734e-01 2.82661193e-05]
706 ham [9.99997699e-01 2.30122858e-06]
707 ham [9.99067299e-01 9.32700610e-04]
708 ham [9.99466669e-01 5.33331309e-04]
709 spam [0.01334164 0.98665836]
710 spam [9.35937109e-10 9.99999999e-01]
711 ham [9.99998047e-01 1.95303785e-06]
712 ham [1.00000000e+00 4.49431869e-16]
713 spam [0.11708042 0.88291958]
714 ham [9.99993985e-01 6.01546291e-06]
715 ham [9.99223246e-01 7.76754245e-04]
716 ham [9.99940311e-01 5.96885461e-05]
717 spam [6.64308234e-04 9.99335692e-01]
718 ham [9.99987029e-01 1.29712921e-05]
719 spam [1.48934904e-11 1.00000000e+00]
720 ham [9.99999998e-01 2.04888065e-09]
721 ham [0.9981227 0.0018773]
722 ham [0.99143993 0.00856007]
723 ham [0.83441042 0.16558958]
724 ham [0.97448144 0.02551856]
725 ham [1.00000000e+00 3.86424504e-12]
726 ham [0.93968227 0.06031773]
727 ham [1.00000000e+00 7.35348923e-15]
728 ham [0.97379683 0.02620317]
729 ham [0.94050907 0.05949093]
730 ham [9.99084762e-01 9.15237581e-04]
731 spam [0.39364412 0.60635588]
732 ham [0.9848714 0.0151286]
733 ham [9.99999425e-01 5.75381580e-07]
734 ham [9.99941666e-01 5.83335147e-05]
735 ham [9.99171855e-01 8.28144573e-04]
736 ham [9.99565875e-01 4.34125083e-04]
737 ham [0.99589166 0.00410834]
738 spam [0.03167616 0.96832384]
739 ham [9.99570553e-01 4.29446875e-04]
740 ham [9.99989791e-01 1.02088569e-05]
741 ham [9.99990630e-01 9.37033906e-06]
742 ham [9.99903477e-01 9.65231919e-05]
743 ham [1.00000000e+00 9.94132328e-15]
744 ham [0.71684751 0.28315249]
745 ham [0.96719622 0.03280378]
746 ham [9.99520155e-01 4.79845070e-04]
747 ham [9.99998908e-01 1.09213148e-06]
748 ham [0.99783615 0.00216385]
749 ham [9.99990282e-01 9.71840343e-06]
