0 ham [0.99729257 0.00270743]
1 ham [0.98696315 0.01303685]
2 spam [2.23661857e-09 9.99999998e-01]
3 ham [9.99956907e-01 4.30929165e-05]
4 ham [9.99996844e-01 3.15629327e-06]
5 ham [0.99728999 0.00271001]
6 ham [9.99999818e-01 1.82215194e-07]
7 ham [9.99991424e-01 8.57556963e-06]
8 spam [1.94044932e-10 1.00000000e+00]
9 spam [3.60626374e-11 1.00000000e+00]
10 ham [9.99999971e-01 2.91095437e-08]
11 spam [2.48314271e-06 9.99997517e-01]
12 spam [6.99636704e-08 9.99999930e-01]
13 ham [1.00000000e+00 3.04858688e-11]
14 ham [0.91388181 0.08611819]
15 spam [0.00194046 0.99805954]
16 ham [0.81312827 0.18687173]
17 ham [9.99999678e-01 3.21691429e-07]
18 ham [9.99978546e-01 2.14535293e-05]
19 spam [1.36826228e-04 9.99863174e-01]
20 ham [0.99898542 0.00101458]
21 ham [0.87848921 0.12151079]
22 ham [9.99990578e-01 9.42172052e-06]
23 ham [1.00000000e+00 9.89299099e-11]
24 ham [9.99990597e-01 9.40333858e-06]
25 ham [9.99999937e-01 6.31223988e-08]
26 ham [0.99725436 0.00274564]
27 ham [1.00000000e+00 3.98668965e-12]
28 ham [9.99999991e-01 9.01013526e-09]
29 ham [9.99976033e-01 2.39671889e-05]
30 ham [1.00000000e+00 9.16124306e-12]
31 ham [1.00000000e+00 1.47819101e-15]
32 ham [0.99708669 0.00291331]
33 ham [0.99862422 0.00137578]
34 spam [0.16704999 0.83295001]
35 ham [1.00000000e+00 8.05974023e-12]
36 ham [9.99999398e-01 6.01596266e-07]
37 ham [9.99914795e-01 8.52050026e-05]
38 ham [0.78518009 0.21481991]
39 ham [9.99999346e-01 6.54008968e-07]
40 ham [9.99989347e-01 1.06532289e-05]
41 ham [1.00000000e+00 1.20333018e-20]
42 spam [2.96850453e-07 9.99999703e-01]
43 ham [0.5662319 0.4337681]
44 ham [9.99999969e-01 3.11485110e-08]
45 ham [0.93758498 0.06241502]
46 ham [0.99312298 0.00687702]
47 ham [0.89606238 0.10393762]
48 ham [9.99999934e-01 6.55638427e-08]
49 ham [9.99999989e-01 1.09329552e-08]
50 ham [9.99999971e-01 2.91586431e-08]
51 ham [9.99999843e-01 1.57351670e-07]
52 ham [9.99547320e-01 4.52679987e-04]
53 ham [1.00000000e+00 1.93358038e-22]
54 spam [1.69590317e-05 9.99983041e-01]
55 ham [0.99606721 0.00393279]
56 spam [1.01912491e-08 9.99999990e-01]
57 ham [9.99801556e-01 1.98443759e-04]
58 ham [0.99840133 0.00159867]
59 ham [0.87132452 0.12867548]
60 ham [9.99997862e-01 2.13778037e-06]
61 ham [0.97691042 0.02308958]
62 ham [0.97834644 0.02165356]
63 ham [9.99999981e-01 1.86428880e-08]
64 ham [1.00000000e+00 1.84886256e-10]
65 ham [0.7501523 0.2498477]
66 ham [0.99893771 0.00106229]
67 spam [2.85186131e-08 9.99999971e-01]
68 ham [9.99912865e-01 8.71347934e-05]
69 ham [9.99010792e-01 9.89207816e-04]
70 ham [0.93769343 0.06230657]
71 ham [0.97813075 0.02186925]
72 spam [0.0337868 0.9662132]
73 ham [0.89205872 0.10794128]
74 ham [0.99810966 0.00189034]
75 ham [0.99840726 0.00159274]
76 ham [9.99996912e-01 3.08836736e-06]
77 ham [9.99999120e-01 8.80226175e-07]
78 ham [9.99860173e-01 1.39827056e-04]
79 ham [9.99999051e-01 9.48839327e-07]
80 ham [9.99119894e-01 8.80106083e-04]
81 ham [9.99487097e-01 5.12902677e-04]
82 ham [9.99999862e-01 1.37583445e-07]
83 ham [9.99996949e-01 3.05111371e-06]
84 ham [0.77241168 0.22758832]
85 ham [9.99645396e-01 3.54604221e-04]
86 ham [1.00000000e+00 1.85630989e-10]
87 ham [1.00000000e+00 8.12680354e-11]
88 ham [9.99990844e-01 9.15554042e-06]
89 ham [0.73826199 0.26173801]
90 spam [0.44624169 0.55375831]
91 ham [1.00000000e+00 8.96339893e-17]
92 ham [9.99607469e-01 3.92530856e-04]
93 spam [4.21040638e-10 1.00000000e+00]
94 ham [9.99999158e-01 8.42152660e-07]
95 spam [3.50772187e-06 9.99996492e-01]
96 ham [0.80761654 0.19238346]
97 ham [9.99999505e-01 4.94530029e-07]
98 ham [9.99999995e-01 4.62814501e-09]
99 ham [0.99839685 0.00160315]
100 ham [0.99886915 0.00113085]
101 ham [9.99973110e-01 2.68904594e-05]
102 ham [9.99886272e-01 1.13728289e-04]
103 ham [0.99567673 0.00432327]
104 ham [9.99999999e-01 6.43748385e-10]
105 ham [9.99951713e-01 4.82874609e-05]
106 ham [9.99306031e-01 6.93969231e-04]
107 ham [9.99995060e-01 4.93995026e-06]
108 ham [9.99978300e-01 2.17004835e-05]
109 ham [9.99999994e-01 5.51006862e-09]
110 ham [0.98977919 0.01022081]
111 ham [0.99777135 0.00222865]
112 ham [0.95232896 0.04767104]
113 ham [1.00000000e+00 9.25834128e-13]
114 spam [4.50474868e-15 1.00000000e+00]
115 ham [0.99691144 0.00308856]
116 ham [1.00000000e+00 6.94123287e-12]
117 spam [3.78835054e-09 9.99999996e-01]
118 spam [0.4117239 0.5882761]
119 ham [9.99943981e-01 5.60186204e-05]
120 spam [7.45271868e-12 1.00000000e+00]
121 spam [5.65762371e-11 1.00000000e+00]
122 ham [9.99888457e-01 1.11543120e-04]
123 spam [2.25819184e-07 9.99999774e-01]
124 ham [9.99922431e-01 7.75692599e-05]
125 ham [0.97087481 0.02912519]
126 ham [0.99246262 0.00753738]
127 ham [1.00000000e+00 9.81298509e-18]
128 ham [0.99877727 0.00122273]
129 spam [1.73594944e-05 9.99982641e-01]
130 ham [0.99477705 0.00522295]
131 ham [0.98312551 0.01687449]
132 ham [0.71042848 0.28957152]
133 ham [0.98098903 0.01901097]
134 spam [0.06194591 0.93805409]
135 spam [3.31901238e-08 9.99999967e-01]
136 ham [0.96033306 0.03966694]
137 ham [9.99869517e-01 1.30482850e-04]
138 ham [9.99296251e-01 7.03748569e-04]
139 spam [0.03660154 0.96339846]
140 ham [9.99999999e-01 5.11181652e-10]
141 ham [9.99975748e-01 2.42517230e-05]
142 ham [0.91639718 0.08360282]
143 ham [9.99895395e-01 1.04604677e-04]
144 ham [9.99997665e-01 2.33473756e-06]
145 ham [0.99857923 0.00142077]
146 ham [0.85301126 0.14698874]
147 ham [0.66958424 0.33041576]
148 ham [0.99730686 0.00269314]
149 ham [0.96654678 0.03345322]
150 ham [0.99781222 0.00218778]
151 ham [9.99819765e-01 1.80235383e-04]
152 ham [9.99982353e-01 1.76466316e-05]
153 spam [0.1819499 0.8180501]
154 ham [0.99567673 0.00432327]
155 ham [1.00000000e+00 5.43784896e-30]
156 ham [0.98076922 0.01923078]
157 ham [0.99747554 0.00252446]
158 ham [1.00000000e+00 1.88481389e-15]
159 spam [1.73118703e-04 9.99826881e-01]
160 spam [5.32655543e-09 9.99999995e-01]
161 ham [1.00000000e+00 1.33868604e-12]
162 ham [9.99653747e-01 3.46253340e-04]
163 ham [9.99999996e-01 4.13542644e-09]
164 spam [6.94368596e-05 9.99930563e-01]
165 spam [0.00676587 0.99323413]
166 ham [0.99751336 0.00248664]
167 spam [4.22755268e-12 1.00000000e+00]
168 ham [0.87882575 0.12117425]
169 ham [9.99888268e-01 1.11731916e-04]
170 ham [0.98984283 0.01015717]
171 ham [9.99643498e-01 3.56501818e-04]
172 ham [0.99860433 0.00139567]
173 ham [9.99956538e-01 4.34623839e-05]
174 ham [9.99987273e-01 1.27271551e-05]
175 ham [9.99988833e-01 1.11673517e-05]
176 ham [9.99999997e-01 3.45151905e-09]
177 ham [0.99864606 0.00135394]
178 ham [1.00000000e+00 1.11230839e-10]
179 ham [9.99999964e-01 3.57188993e-08]
180 ham [0.98602709 0.01397291]
181 ham [1.00000000e+00 1.96872061e-10]
182 ham [9.99530638e-01 4.69361953e-04]
183 ham [9.99997422e-01 2.57750213e-06]
184 ham [0.97536945 0.02463055]
185 ham [0.90186795 0.09813205]
186 ham [1.00000000e+00 1.37552369e-10]
187 ham [0.99784764 0.00215236]
188 spam [5.32688805e-10 9.99999999e-01]
189 ham [9.99999903e-01 9.67895177e-08]
190 ham [9.99999999e-01 5.68666852e-10]
191 ham [0.94633874 0.05366126]
192 ham [1.00000000e+00 4.05580134e-13]
193 ham [0.99193323 0.00806677]
194 ham [9.99800700e-01 1.99299523e-04]
195 ham [9.99999039e-01 9.61201268e-07]
196 ham [9.99092858e-01 9.07142493e-04]
197 ham [9.99951079e-01 4.89208764e-05]
198 ham [9.99236180e-01 7.63819617e-04]
199 ham [1.00000000e+00 2.44167501e-12]
200 ham [0.99835271 0.00164729]
201 ham [9.99874624e-01 1.25376184e-04]
202 ham [9.99999925e-01 7.49136000e-08]
203 spam [0.1602244 0.8397756]
204 ham [0.62143015 0.37856985]
205 ham [0.98617608 0.01382392]
206 ham [9.99991206e-01 8.79413663e-06]
207 ham [1.00000000e+00 4.90909079e-12]
208 spam [0.30449818 0.69550182]
209 ham [0.93596522 0.06403478]
210 ham [9.99889625e-01 1.10375204e-04]
211 ham [9.99969140e-01 3.08602903e-05]
212 ham [9.99476746e-01 5.23253694e-04]
213 ham [0.76068135 0.23931865]
214 ham [0.99280111 0.00719889]
215 ham [0.99860488 0.00139512]
216 spam [0.22461411 0.77538589]
217 ham [0.99707107 0.00292893]
218 ham [0.86977761 0.13022239]
219 ham [0.99658487 0.00341513]
220 ham [1.00000000e+00 1.22872402e-17]
221 ham [0.99384379 0.00615621]
222 ham [9.99999477e-01 5.22810857e-07]
223 ham [9.99057609e-01 9.42391453e-04]
224 ham [9.99999977e-01 2.28975493e-08]
225 spam [8.98622213e-09 9.99999991e-01]
226 ham [9.99989273e-01 1.07270843e-05]
227 spam [0.0085713 0.9914287]
228 ham [0.59339167 0.40660833]
229 ham [0.99881918 0.00118082]
230 ham [9.99943826e-01 5.61737830e-05]
231 ham [0.99867465 0.00132535]
232 ham [0.99888427 0.00111573]
233 ham [0.99788981 0.00211019]
234 ham [0.99103541 0.00896459]
235 spam [4.92850357e-04 9.99507150e-01]
236 ham [9.9999505e-01 4.9500708e-06]
237 ham [9.99843324e-01 1.56676005e-04]
238 ham [0.95661483 0.04338517]
239 ham [9.99941726e-01 5.82740968e-05]
240 ham [0.98824411 0.01175589]
241 ham [9.99576520e-01 4.23479941e-04]
242 spam [0.22610374 0.77389626]
243 ham [9.99750901e-01 2.49098881e-04]
244 ham [1.00000000e+00 7.48953123e-12]
245 ham [0.9937691 0.0062309]
246 ham [9.99999997e-01 2.79205811e-09]
247 ham [9.99771341e-01 2.28658957e-04]
248 ham [0.79402052 0.20597948]
249 ham [9.99999949e-01 5.08234335e-08]
250 spam [1.47455058e-14 1.00000000e+00]
251 spam [0.26790257 0.73209743]
252 ham [9.99979741e-01 2.02592103e-05]
253 ham [0.99848992 0.00151008]
254 ham [9.99998283e-01 1.71696134e-06]
255 ham [9.99888688e-01 1.11311713e-04]
256 ham [9.99963264e-01 3.67359647e-05]
257 ham [0.99768079 0.00231921]
258 ham [9.99999163e-01 8.37233131e-07]
259 spam [2.39751324e-06 9.99997602e-01]
260 ham [9.99979558e-01 2.04418129e-05]
261 ham [0.93898175 0.06101825]
262 ham [9.99999536e-01 4.63569273e-07]
263 spam [0.01028936 0.98971064]
264 ham [0.96699956 0.03300044]
265 ham [0.99027061 0.00972939]
266 ham [0.60832248 0.39167752]
267 ham [9.99779174e-01 2.20826138e-04]
268 spam [8.29371149e-10 9.99999999e-01]
269 ham [0.9774266 0.0225734]
270 spam [8.78810370e-05 9.99912119e-01]
271 spam [0.36124685 0.63875315]
272 ham [9.99746412e-01 2.53588044e-04]
273 spam [3.25886948e-04 9.99674113e-01]
274 ham [9.99868075e-01 1.31925270e-04]
275 ham [0.98264562 0.01735438]
276 ham [0.75476418 0.24523582]
277 ham [0.98669038 0.01330962]
278 ham [9.99935049e-01 6.49511124e-05]
279 ham [9.99998594e-01 1.40599902e-06]
280 ham [0.97370927 0.02629073]
281 ham [0.99466097 0.00533903]
282 ham [9.99999308e-01 6.92289225e-07]
283 ham [9.99557294e-01 4.42706185e-04]
284 ham [0.75476418 0.24523582]
285 ham [1.00000000e+00 4.46085746e-12]
286 ham [9.99999987e-01 1.27858493e-08]
287 ham [0.75476418 0.24523582]
288 ham [1.00000000e+00 3.38236972e-13]
289 ham [1.00000000e+00 3.80770909e-14]
290 ham [0.99371946 0.00628054]
291 ham [0.98717131 0.01282869]
292 ham [9.99957828e-01 4.21716660e-05]
293 ham [0.99162959 0.00837041]
294 ham [0.998819 0.001181]
295 ham [0.97459608 0.02540392]
296 spam [5.07726024e-11 1.00000000e+00]
297 ham [0.97497752 0.02502248]
298 ham [1.00000000e+00 3.73604241e-13]
299 ham [0.99894259 0.00105741]
300 ham [9.99828768e-01 1.71232160e-04]
301 ham [9.99999769e-01 2.30952986e-07]
302 ham [9.99999996e-01 4.18122575e-09]
303 ham [9.99992615e-01 7.38486270e-06]
304 ham [0.96871923 0.03128077]
305 spam [8.13066921e-05 9.99918693e-01]
306 ham [9.99997431e-01 2.56900729e-06]
307 ham [0.99893444 0.00106556]
308 ham [0.9988874 0.0011126]
309 spam [0.00145666 0.99854334]
310 ham [0.96789624 0.03210376]
311 spam [0.01251495 0.98748505]
312 spam [4.82296672e-05 9.99951770e-01]
313 ham [1.00000000e+00 9.29157783e-12]
314 ham [1.00000000e+00 1.11862001e-11]
315 ham [9.99997028e-01 2.97242256e-06]
316 ham [0.80687687 0.19312313]
317 ham [9.99865708e-01 1.34292097e-04]
318 ham [9.99072046e-01 9.27953515e-04]
319 spam [2.14268291e-12 1.00000000e+00]
320 ham [0.97680379 0.02319621]
321 ham [9.99536297e-01 4.63702768e-04]
322 ham [9.99946581e-01 5.34188986e-05]
323 ham [0.99524032 0.00475968]
324 ham [9.99996063e-01 3.93677856e-06]
325 ham [9.99400324e-01 5.99675794e-04]
326 ham [0.96163918 0.03836082]
327 ham [0.92032192 0.07967808]
328 ham [9.99884996e-01 1.15003514e-04]
329 ham [0.99825689 0.00174311]
330 ham [9.99999962e-01 3.84378319e-08]
331 spam [0.45522159 0.54477841]
332 ham [9.99971262e-01 2.87378504e-05]
333 spam [1.64963463e-06 9.99998350e-01]
334 ham [9.99999896e-01 1.03728340e-07]
335 spam [0.09120288 0.90879712]
336 ham [9.99995531e-01 4.46858789e-06]
337 ham [9.99343692e-01 6.56307898e-04]
338 ham [0.89311771 0.10688229]
339 ham [9.99075451e-01 9.24548876e-04]
340 ham [0.82003774 0.17996226]
341 ham [0.99766088 0.00233912]
342 ham [9.99999519e-01 4.80962648e-07]
343 ham [0.95685684 0.04314316]
344 ham [9.99538815e-01 4.61185175e-04]
345 ham [0.96070907 0.03929093]
346 ham [0.98668276 0.01331724]
347 ham [9.99993799e-01 6.20129463e-06]
348 ham [0.61222555 0.38777445]
349 spam [5.70948243e-04 9.99429052e-01]
350 ham [9.99985308e-01 1.46924307e-05]
351 ham [9.99868031e-01 1.31969217e-04]
352 ham [9.99999995e-01 5.07731554e-09]
353 ham [9.99997122e-01 2.87771926e-06]
354 ham [9.99999999e-01 1.00409185e-09]
355 ham [0.95506521 0.04493479]
356 ham [9.99990010e-01 9.98975123e-06]
357 spam [1.0192258e-14 1.0000000e+00]
358 spam [1.63148082e-04 9.99836852e-01]
359 ham [1.00000000e+00 1.41449506e-11]
360 ham [9.99999604e-01 3.95637996e-07]
361 ham [0.7009194 0.2990806]
362 ham [0.98781043 0.01218957]
363 ham [0.82268855 0.17731145]
364 ham [0.9982884 0.0017116]
365 ham [1.00000000e+00 6.35984042e-18]
366 ham [9.99999957e-01 4.30353260e-08]
367 spam [3.58204656e-11 1.00000000e+00]
368 spam [9.43238980e-06 9.99990568e-01]
369 ham [0.87123965 0.12876035]
370 ham [9.99302024e-01 6.97975776e-04]
371 ham [1.00000000e+00 3.18984042e-17]
372 ham [9.99995748e-01 4.25236214e-06]
373 ham [9.99994235e-01 5.76547176e-06]
374 ham [1.00000000e+00 1.30619271e-20]
375 spam [0.00537495 0.99462505]
376 ham [9.99264791e-01 7.35209278e-04]
377 ham [0.8483494 0.1516506]
378 ham [9.99991228e-01 8.77155963e-06]
379 ham [0.99685429 0.00314571]
380 ham [9.99999993e-01 7.19339936e-09]
381 ham [1.0000000e+00 2.1579799e-18]
382 ham [9.99942799e-01 5.72008924e-05]
383 ham [0.99751831 0.00248169]
384 ham [9.99952022e-01 4.79782114e-05]
385 spam [8.26852119e-06 9.99991731e-01]
386 ham [0.89370008 0.10629992]
387 ham [0.99673133 0.00326867]
388 ham [9.99903062e-01 9.69379904e-05]
389 spam [6.94681645e-12 1.00000000e+00]
390 ham [9.99782054e-01 2.17946490e-04]
391 ham [0.94472519 0.05527481]
392 ham [9.99907833e-01 9.21670758e-05]
393 ham [9.99214208e-01 7.85791647e-04]
394 ham [1.0000000e+00 3.4782984e-16]
395 ham [9.99893092e-01 1.06908403e-04]
396 ham [0.97415487 0.02584513]
397 ham [9.99999459e-01 5.41244506e-07]
398 ham [1.00000000e+00 5.04728791e-12]
399 ham [9.99992800e-01 7.19999108e-06]
400 ham [0.96831271 0.03168729]
401 spam [2.54084857e-09 9.99999997e-01]
402 ham [9.99763110e-01 2.36889929e-04]
403 ham [0.96285201 0.03714799]
404 ham [9.99779064e-01 2.20936370e-04]
405 ham [9.99575629e-01 4.24371004e-04]
406 ham [9.99934827e-01 6.51734132e-05]
407 ham [9.99999982e-01 1.84214877e-08]
408 ham [0.92787363 0.07212637]
409 ham [0.76940341 0.23059659]
410 spam [0.05155422 0.94844578]
411 ham [9.99995272e-01 4.72789937e-06]
412 ham [9.9996670e-01 3.3300258e-05]
413 ham [0.80739508 0.19260492]
414 ham [0.96984215 0.03015785]
415 spam [0.00415299 0.99584701]
416 ham [0.99583742 0.00416258]
417 ham [0.99723476 0.00276524]
418 spam [8.55031609e-07 9.99999145e-01]
419 ham [9.99987677e-01 1.23225111e-05]
420 spam [1.16462832e-07 9.99999884e-01]
421 ham [0.89340754 0.10659246]
422 spam [0.17023895 0.82976105]
423 ham [0.91601598 0.08398402]
424 spam [7.51814601e-12 1.00000000e+00]
425 ham [0.90550966 0.09449034]
426 ham [9.99268575e-01 7.31425321e-04]
427 ham [0.92833177 0.07166823]
428 spam [0.46205498 0.53794502]
429 ham [9.99999986e-01 1.36763405e-08]
430 ham [9.99990528e-01 9.47202296e-06]
431 ham [0.99513731 0.00486269]
432 ham [0.99131092 0.00868908]
433 spam [7.06530977e-11 1.00000000e+00]
434 ham [0.55036373 0.44963627]
435 ham [9.99954840e-01 4.51599303e-05]
436 ham [9.99991888e-01 8.11223680e-06]
437 ham [9.99723327e-01 2.76672726e-04]
438 ham [0.99821065 0.00178935]
439 ham [9.99222654e-01 7.77346088e-04]
440 ham [9.99999797e-01 2.02770972e-07]
441 ham [0.99815068 0.00184932]
442 ham [0.99158552 0.00841448]
443 ham [9.99999996e-01 4.46773685e-09]
444 ham [0.99871323 0.00128677]
445 spam [0.00447057 0.99552943]
446 ham [9.99999998e-01 1.99721567e-09]
447 ham [0.99030499 0.00969501]
448 ham [9.99999968e-01 3.17833956e-08]
449 ham [9.99240524e-01 7.59475832e-04]
450 ham [0.81242312 0.18757688]
451 ham [0.61216894 0.38783106]
452 ham [9.99998586e-01 1.41447325e-06]
453 ham [0.92827618 0.07172382]
454 ham [1.00000000e+00 3.39680171e-10]
455 spam [7.03210766e-04 9.99296789e-01]
456 ham [9.99107837e-01 8.92163263e-04]
457 ham [0.70960544 0.29039456]
458 ham [9.99999934e-01 6.55919128e-08]
459 ham [9.99938229e-01 6.17711464e-05]
460 ham [9.99985857e-01 1.41426237e-05]
461 ham [9.99999435e-01 5.64741650e-07]
462 ham [0.91234641 0.08765359]
463 spam [1.11612804e-09 9.99999999e-01]
464 ham [9.99529975e-01 4.70024701e-04]
465 ham [9.99963158e-01 3.68415695e-05]
466 ham [1.00000000e+00 2.77598607e-10]
467 ham [9.99975452e-01 2.45476958e-05]
468 ham [9.99095049e-01 9.04951292e-04]
469 ham [0.99350613 0.00649387]
470 ham [0.99883456 0.00116544]
471 spam [3.85865951e-08 9.99999961e-01]
472 ham [9.99365075e-01 6.34924520e-04]
473 ham [1.00000000e+00 1.24741191e-14]
474 spam [3.17091542e-08 9.99999968e-01]
475 ham [0.99799146 0.00200854]
476 ham [9.99994416e-01 5.58416025e-06]
477 ham [0.986204 0.013796]
478 spam [0.29484123 0.70515877]
479 ham [9.99999033e-01 9.67139246e-07]
480 ham [9.99986498e-01 1.35021872e-05]
481 ham [0.99496766 0.00503234]
482 ham [9.99999501e-01 4.98727563e-07]
483 ham [0.95121328 0.04878672]
484 ham [9.99923123e-01 7.68772313e-05]
485 ham [0.52242167 0.47757833]
486 ham [9.99369035e-01 6.30965253e-04]
487 spam [6.79241730e-10 9.99999999e-01]
488 ham [0.99731326 0.00268674]
489 ham [9.99987918e-01 1.20823689e-05]
490 ham [9.99987105e-01 1.28949909e-05]
491 ham [1.00000000e+00 1.65464646e-10]
492 spam [2.54521612e-08 9.99999975e-01]
493 ham [0.99136234 0.00863766]
494 ham [9.99585733e-01 4.14266659e-04]
495 ham [0.99839869 0.00160131]
496 ham [0.7646817 0.2353183]
497 ham [9.99999011e-01 9.89288332e-07]
498 ham [9.99873617e-01 1.26382998e-04]
499 ham [0.80408806 0.19591194]
500 ham [0.99888664 0.00111336]
501 ham [9.99958589e-01 4.14109893e-05]
502 ham [9.99816955e-01 1.83044653e-04]
503 ham [0.59996775 0.40003225]
504 ham [0.95526538 0.04473462]
505 spam [1.38772956e-07 9.99999861e-01]
506 ham [1.00000000e+00 3.60299989e-10]
507 ham [0.94399178 0.05600822]
508 ham [1.00000000e+00 7.04405084e-12]
509 ham [0.89472418 0.10527582]
510 spam [1.93395072e-04 9.99806605e-01]
511 ham [9.99999904e-01 9.61915722e-08]
512 ham [0.75079544 0.24920456]
513 ham [0.99376697 0.00623303]
514 ham [0.62581592 0.37418408]
515 spam [4.74490146e-09 9.99999995e-01]
516 spam [0.4036817 0.5963183]
517 spam [3.90231630e-09 9.99999996e-01]
518 spam [0.15642002 0.84357998]
519 ham [9.99999999e-01 5.71548162e-10]
520 ham [9.99994425e-01 5.57453385e-06]
521 ham [9.99156016e-01 8.43984417e-04]
522 ham [9.99451381e-01 5.48619211e-04]
523 ham [0.99424452 0.00575548]
524 ham [0.95484237 0.04515763]
525 spam [5.10768436e-09 9.99999995e-01]
526 ham [9.99988927e-01 1.10728852e-05]
527 spam [1.10960068e-08 9.99999989e-01]
528 ham [0.99770488 0.00229512]
529 spam [0.17122038 0.82877962]
530 ham [0.99558799 0.00441201]
531 spam [1.54663519e-11 1.00000000e+00]
532 ham [0.96745242 0.03254758]
533 ham [0.98596852 0.01403148]
534 ham [0.99243728 0.00756272]
535 ham [1.0000000e+00 8.2660111e-17]
536 ham [1.00000000e+00 7.90841378e-14]
537 ham [9.99969068e-01 3.09320998e-05]
538 ham [9.99988323e-01 1.16770651e-05]
539 ham [9.99921988e-01 7.80115024e-05]
540 ham [9.99914927e-01 8.50730778e-05]
541 spam [5.70791050e-04 9.99429209e-01]
542 ham [0.98206226 0.01793774]
543 ham [9.99999826e-01 1.74145733e-07]
544 ham [0.86288628 0.13711372]
545 ham [9.99993405e-01 6.59504181e-06]
546 ham [0.900684 0.099316]
547 ham [1.0000000e+00 1.2860587e-15]
548 ham [0.99884369 0.00115631]
549 ham [0.99011343 0.00988657]
550 ham [1.00000000e+00 2.01181314e-12]
551 ham [1.00000000e+00 3.32028268e-17]
552 ham [0.82101799 0.17898201]
553 ham [0.9989222 0.0010778]
554 ham [1.00000000e+00 2.93772644e-10]
555 ham [0.98732609 0.01267391]
556 ham [0.78550727 0.21449273]
557 ham [0.97988704 0.02011296]
558 ham [9.99999923e-01 7.66989934e-08]
559 ham [9.99963626e-01 3.63735887e-05]
560 ham [9.99999465e-01 5.34568346e-07]
561 ham [0.96330315 0.03669685]
562 ham [0.98200773 0.01799227]
563 ham [9.99999980e-01 1.99976586e-08]
564 spam [1.68267932e-14 1.00000000e+00]
565 ham [1.000000e+00 4.640151e-20]
566 ham [0.99621995 0.00378005]
567 ham [0.96722381 0.03277619]
568 ham [1.00000000e+00 5.35847811e-16]
569 ham [9.99997734e-01 2.26597065e-06]
570 ham [0.55572426 0.44427574]
571 ham [1.00000000e+00 7.58559595e-11]
572 ham [9.99988579e-01 1.14208054e-05]
573 ham [0.99556355 0.00443645]
574 ham [0.88927867 0.11072133]
575 ham [0.96916487 0.03083513]
576 spam [2.26549544e-05 9.99977345e-01]
577 ham [9.99999894e-01 1.06434885e-07]
578 ham [9.99986851e-01 1.31488873e-05]
579 spam [1.92987706e-05 9.99980701e-01]
580 ham [9.99732611e-01 2.67388898e-04]
581 ham [9.99463618e-01 5.36382001e-04]
582 ham [9.99998408e-01 1.59162967e-06]
583 spam [3.43858816e-06 9.99996561e-01]
584 ham [9.99997606e-01 2.39419015e-06]
585 ham [0.99882678 0.00117322]
586 ham [9.99997793e-01 2.20724281e-06]
587 ham [0.99779079 0.00220921]
588 ham [0.59524773 0.40475227]
589 ham [0.81828344 0.18171656]
590 ham [9.99941189e-01 5.88105498e-05]
591 spam [3.02194518e-04 9.99697805e-01]
592 spam [6.62999847e-08 9.99999934e-01]
593 spam [7.54532587e-11 1.00000000e+00]
594 ham [0.96416654 0.03583346]
595 ham [9.99993776e-01 6.22413166e-06]
596 ham [9.99875674e-01 1.24326023e-04]
597 ham [9.99229172e-01 7.70828110e-04]
598 spam [4.23755070e-05 9.99957624e-01]
599 ham [9.99842330e-01 1.57670065e-04]
600 ham [0.99886354 0.00113646]
601 spam [0.25411084 0.74588916]
602 ham [9.99999908e-01 9.15074676e-08]
603 ham [0.97870628 0.02129372]
604 ham [9.99959018e-01 4.09824101e-05]
605 ham [0.97257143 0.02742857]
606 ham [0.5661911 0.4338089]
607 spam [2.62801199e-04 9.99737199e-01]
608 ham [9.99999930e-01 6.99009084e-08]
609 ham [0.85972002 0.14027998]
610 ham [0.99578504 0.00421496]
611 spam [1.23226625e-04 9.99876773e-01]
612 ham [9.99991358e-01 8.64230519e-06]
613 ham [0.99240306 0.00759694]
614 spam [1.07305471e-05 9.99989269e-01]
615 ham [9.99965415e-01 3.45846862e-05]
616 ham [9.99999996e-01 4.42954097e-09]
617 ham [1.00000000e+00 1.61040745e-10]
618 ham [0.94746684 0.05253316]
619 ham [9.99716638e-01 2.83362104e-04]
620 ham [0.99029392 0.00970608]
621 ham [9.99993555e-01 6.44548386e-06]
622 ham [9.99807189e-01 1.92810567e-04]
623 spam [0.00207846 0.99792154]
624 ham [9.99942265e-01 5.77349393e-05]
625 ham [9.99826044e-01 1.73955788e-04]
626 ham [9.99494979e-01 5.05020956e-04]
627 ham [9.99981006e-01 1.89935245e-05]
628 ham [1.00000000e+00 1.41427896e-11]
629 spam [5.35483952e-04 9.99464516e-01]
630 spam [1.19807371e-06 9.99998802e-01]
631 ham [9.99960806e-01 3.91937461e-05]
632 ham [0.86595767 0.13404233]
633 ham [9.99999018e-01 9.81698156e-07]
634 ham [0.81370617 0.18629383]
635 spam [5.09431937e-05 9.99949057e-01]
636 ham [0.9950386 0.0049614]
637 ham [9.99998127e-01 1.87308543e-06]
638 ham [9.99802513e-01 1.97487002e-04]
639 ham [9.99975521e-01 2.44792069e-05]
640 ham [9.99773150e-01 2.26849959e-04]
641 ham [9.99999949e-01 5.14240081e-08]
642 ham [9.99992831e-01 7.16948685e-06]
643 ham [0.99858536 0.00141464]
644 ham [0.98329572 0.01670428]
645 ham [9.99912169e-01 8.78314507e-05]
646 ham [9.99909147e-01 9.08532584e-05]
647 ham [1.00000000e+00 2.22518235e-10]
648 spam [1.44930137e-10 1.00000000e+00]
649 ham [0.99820749 0.00179251]
650 spam [5.25616928e-08 9.99999947e-01]
651 ham [0.9139945 0.0860055]
652 ham [9.99999998e-01 2.17884484e-09]
653 ham [9.99996827e-01 3.17301003e-06]
654 ham [9.99680232e-01 3.19767511e-04]
655 ham [9.99891088e-01 1.08911696e-04]
656 ham [0.98946658 0.01053342]
657 ham [1.00000000e+00 1.44612155e-10]
658 ham [9.99995839e-01 4.16084008e-06]
659 ham [9.99991805e-01 8.19535019e-06]
660 spam [0.13191328 0.86808672]
661 ham [0.98960665 0.01039335]
662 ham [0.85972002 0.14027998]
663 ham [9.99992815e-01 7.18508765e-06]
664 ham [0.81631651 0.18368349]
665 ham [0.99564538 0.00435462]
666 ham [0.50717234 0.49282766]
667 ham [9.99999772e-01 2.28317675e-07]
668 ham [0.93206449 0.06793551]
669 ham [0.97229707 0.02770293]
670 ham [0.98929407 0.01070593]
671 spam [0.32532473 0.67467527]
672 spam [3.59867006e-05 9.99964013e-01]
673 spam [2.72660997e-09 9.99999997e-01]
674 ham [1.00000000e+00 1.09812656e-11]
675 ham [9.99999934e-01 6.55791407e-08]
676 ham [9.99927027e-01 7.29731033e-05]
677 ham [0.99796295 0.00203705]
678 ham [9.99996743e-01 3.25749188e-06]
679 ham [0.98268428 0.01731572]
680 ham [9.99999868e-01 1.32012534e-07]
681 ham [9.99623862e-01 3.76137938e-04]
682 ham [0.90836704 0.09163296]
683 ham [0.98519417 0.01480583]
684 ham [9.99999999e-01 5.48849059e-10]
685 ham [9.99999996e-01 3.60258100e-09]
686 ham [9.99310386e-01 6.89613860e-04]
687 ham [0.99824549 0.00175451]
688 ham [9.99999992e-01 8.19571346e-09]
689 ham [9.99578009e-01 4.21991181e-04]
690 ham [0.92650372 0.07349628]
691 ham [0.88240363 0.11759637]
692 ham [0.99899698 0.00100302]
693 ham [9.99996282e-01 3.71782305e-06]
694 ham [9.99864596e-01 1.35403584e-04]
695 ham [9.99984042e-01 1.59582214e-05]
696 ham [9.99543674e-01 4.56326418e-04]
697 ham [0.99837628 0.00162372]
698 ham [9.99999502e-01 4.98053615e-07]
699 ham [0.99694702 0.00305298]
700 ham [0.86502662 0.13497338]
701 ham [9.99634742e-01 3.65257539e-04]
702 ham [9.99111998e-01 8.88002149e-04]
703 ham [9.99634728e-01 3.65271903e-04]
704 ham [9.99999956e-01 4.35287098e-08]
705 ham [9.99964932e-01 3.50677280e-05]
706 ham [9.99999997e-01 2.63748824e-09]
707 ham [9.99922055e-01 7.79453737e-05]
708 ham [9.99241208e-01 7.58791764e-04]
709 spam [4.95852233e-06 9.99995041e-01]
710 spam [4.67446588e-14 1.00000000e+00]
711 ham [9.99996602e-01 3.39796807e-06]
712 ham [1.00000000e+00 1.03433771e-16]
713 spam [0.02553188 0.97446812]
714 ham [9.99994433e-01 5.56695174e-06]
715 ham [9.99995641e-01 4.35851713e-06]
716 ham [9.99988868e-01 1.11315569e-05]
717 spam [5.42543426e-06 9.99994575e-01]
718 ham [9.99999969e-01 3.07132782e-08]
719 spam [3.31115858e-13 1.00000000e+00]
720 ham [9.99999974e-01 2.55332268e-08]
721 ham [0.99824206 0.00175794]
722 ham [0.98692026 0.01307974]
723 ham [0.92276549 0.07723451]
724 ham [0.98674896 0.01325104]
725 ham [1.00000000e+00 1.04538604e-12]
726 ham [0.98361309 0.01638691]
727 ham [1.00000000e+00 7.11155729e-17]
728 ham [0.9867954 0.0132046]
729 ham [0.92313674 0.07686326]
730 ham [0.99845692 0.00154308]
731 spam [0.00841699 0.99158301]
732 ham [0.99231107 0.00768893]
733 ham [9.99999996e-01 3.89962136e-09]
734 ham [9.99974194e-01 2.58057258e-05]
735 ham [0.9981013 0.0018987]
736 ham [9.99901578e-01 9.84221737e-05]
737 ham [9.99797121e-01 2.02878718e-04]
738 spam [5.56071198e-09 9.99999994e-01]
739 ham [9.99297624e-01 7.02375517e-04]
740 ham [9.9999777e-01 2.2296224e-06]
741 ham [9.99997250e-01 2.75017241e-06]
742 ham [9.99983853e-01 1.61474383e-05]
743 ham [1.00000000e+00 1.03996808e-15]
744 ham [0.90940207 0.09059793]
745 ham [0.90946868 0.09053132]
746 ham [9.99295996e-01 7.04004398e-04]
747 ham [9.99999994e-01 6.04286481e-09]
748 spam [0.06509757 0.93490243]
749 ham [9.99995069e-01 4.93128295e-06]
