0 ham [9.99757150e-01 2.42850026e-04]
1 ham [0.96553996 0.03446004]
2 spam [0.03069057 0.96930943]
3 ham [0.99844983 0.00155017]
4 ham [0.99884125 0.00115875]
5 ham [9.99965525e-01 3.44751018e-05]
6 ham [9.99999138e-01 8.62050078e-07]
7 ham [9.99910966e-01 8.90344437e-05]
8 spam [0.02034757 0.97965243]
9 ham [0.89814326 0.10185674]
10 ham [9.99991419e-01 8.58069092e-06]
11 ham [0.53675951 0.46324049]
12 ham [0.81415181 0.18584819]
13 ham [9.99999957e-01 4.32033154e-08]
14 ham [0.82222222 0.17777778]
15 ham [0.95417715 0.04582285]
16 ham [0.75380373 0.24619627]
17 ham [9.99974264e-01 2.57357477e-05]
18 ham [9.99593357e-01 4.06642697e-04]
19 ham [0.94190489 0.05809511]
20 ham [0.99022322 0.00977678]
21 ham [0.99751443 0.00248557]
22 ham [9.99304443e-01 6.95557298e-04]
23 ham [9.99999678e-01 3.21707204e-07]
24 ham [0.99772521 0.00227479]
25 ham [0.99638604 0.00361396]
26 ham [0.99481515 0.00518485]
27 ham [9.99995950e-01 4.05047683e-06]
28 ham [9.99235011e-01 7.64988510e-04]
29 ham [0.97086726 0.02913274]
30 ham [9.99998573e-01 1.42675212e-06]
31 ham [1.00000000e+00 1.71021972e-11]
32 ham [0.99764303 0.00235697]
33 ham [9.99936320e-01 6.36804463e-05]
34 ham [9.99998420e-01 1.58009729e-06]
35 ham [9.99999999e-01 5.32348771e-10]
36 ham [9.99841422e-01 1.58577668e-04]
37 ham [9.99438668e-01 5.61332279e-04]
38 ham [0.77818701 0.22181299]
39 ham [9.99996908e-01 3.09171200e-06]
40 ham [0.99587514 0.00412486]
41 ham [9.99999011e-01 9.89383468e-07]
42 ham [0.97183757 0.02816243]
43 ham [0.82222222 0.17777778]
44 ham [9.99084219e-01 9.15781154e-04]
45 ham [0.77818701 0.22181299]
46 ham [0.9876641 0.0123359]
47 ham [0.95992155 0.04007845]
48 ham [0.99856903 0.00143097]
49 ham [9.99897628e-01 1.02372041e-04]
50 ham [9.99959188e-01 4.08116342e-05]
51 ham [9.99612021e-01 3.87978616e-04]
52 ham [9.99105823e-01 8.94176781e-04]
53 ham [1.00000000e+00 1.54646528e-13]
54 ham [0.96071235 0.03928765]
55 ham [0.98653471 0.01346529]
56 ham [0.93801442 0.06198558]
57 ham [0.96488791 0.03511209]
58 ham [0.94657699 0.05342301]
59 ham [0.97876324 0.02123676]
60 ham [9.99982033e-01 1.79674767e-05]
61 ham [0.90837216 0.09162784]
62 ham [0.95745493 0.04254507]
63 ham [0.99869841 0.00130159]
64 ham [9.99999935e-01 6.46390469e-08]
65 ham [9.99801787e-01 1.98213481e-04]
66 ham [9.99927204e-01 7.27955538e-05]
67 spam [0.0490601 0.9509399]
68 ham [9.99781957e-01 2.18042606e-04]
69 ham [0.96310317 0.03689683]
70 ham [0.87507572 0.12492428]
71 ham [0.86651172 0.13348828]
72 ham [0.82962963 0.17037037]
73 ham [0.94515117 0.05484883]
74 ham [0.99029183 0.00970817]
75 ham [0.99492912 0.00507088]
76 ham [9.99983570e-01 1.64299362e-05]
77 ham [9.99648048e-01 3.51951787e-04]
78 ham [0.99267173 0.00732827]
79 ham [9.99579788e-01 4.20212494e-04]
80 ham [0.8621652 0.1378348]
81 ham [0.99697414 0.00302586]
82 ham [9.99971699e-01 2.83012990e-05]
83 ham [9.99924607e-01 7.53929094e-05]
84 ham [0.64594162 0.35405838]
85 ham [0.99072824 0.00927176]
86 ham [9.99998937e-01 1.06322973e-06]
87 ham [9.99999660e-01 3.40414576e-07]
88 ham [9.99492375e-01 5.07624607e-04]
89 ham [0.87226629 0.12773371]
90 ham [0.79107737 0.20892263]
91 ham [1.00000000e+00 3.42763249e-10]
92 ham [9.99988424e-01 1.15757740e-05]
93 ham [0.81407732 0.18592268]
94 ham [9.99961460e-01 3.85395434e-05]
95 ham [0.97076994 0.02923006]
96 ham [0.74273009 0.25726991]
97 ham [9.99926842e-01 7.31578009e-05]
98 ham [9.99999995e-01 4.98396147e-09]
99 ham [0.98065086 0.01934914]
100 ham [0.99361894 0.00638106]
101 ham [9.99014322e-01 9.85677816e-04]
102 ham [9.99304350e-01 6.95649997e-04]
103 ham [9.99943684e-01 5.63157135e-05]
104 ham [9.99999972e-01 2.83601957e-08]
105 ham [0.99818136 0.00181864]
106 ham [9.99923640e-01 7.63595189e-05]
107 ham [0.98985848 0.01014152]
108 ham [9.99701825e-01 2.98175410e-04]
109 ham [9.99157161e-01 8.42839330e-04]
110 ham [0.94350982 0.05649018]
111 ham [0.9801275 0.0198725]
112 ham [0.95977518 0.04022482]
113 ham [9.99999961e-01 3.85696544e-08]
114 ham [0.93939935 0.06060065]
115 ham [0.99800165 0.00199835]
116 ham [9.99989044e-01 1.09560671e-05]
117 spam [0.15864482 0.84135518]
118 ham [0.88551208 0.11448792]
119 ham [9.99861595e-01 1.38404811e-04]
120 spam [0.46527965 0.53472035]
121 ham [0.90879165 0.09120835]
122 ham [9.99113878e-01 8.86122206e-04]
123 spam [0.05675704 0.94324296]
124 ham [9.99735755e-01 2.64245129e-04]
125 ham [0.96791296 0.03208704]
126 ham [0.89298985 0.10701015]
127 ham [1.00000000e+00 1.31538626e-11]
128 ham [0.9736193 0.0263807]
129 ham [0.82962963 0.17037037]
130 ham [0.98647055 0.01352945]
131 ham [0.89366701 0.10633299]
132 ham [0.89298985 0.10701015]
133 ham [0.97176955 0.02823045]
134 ham [0.99841554 0.00158446]
135 ham [0.99003012 0.00996988]
136 ham [0.94171814 0.05828186]
137 ham [0.99157944 0.00842056]
138 ham [0.98064232 0.01935768]
139 ham [9.99824732e-01 1.75268280e-04]
140 ham [9.99921007e-01 7.89932536e-05]
141 ham [9.99904269e-01 9.57306086e-05]
142 ham [0.94359683 0.05640317]
143 ham [0.98335686 0.01664314]
144 ham [0.99479791 0.00520209]
145 ham [0.99780993 0.00219007]
146 ham [0.98090593 0.01909407]
147 ham [0.99531584 0.00468416]
148 ham [0.99836273 0.00163727]
149 ham [0.99476205 0.00523795]
