0 ham [0.99823386 0.00176614]
1 ham [0.98151706 0.01848294]
2 spam [0.001335 0.998665]
3 ham [9.99317647e-01 6.82353410e-04]
4 ham [9.99839790e-01 1.60210199e-04]
5 ham [0.99830365 0.00169635]
6 ham [9.99996005e-01 3.99508836e-06]
7 ham [9.99994684e-01 5.31643232e-06]
8 spam [1.57093178e-04 9.99842907e-01]
9 spam [0.18018321 0.81981679]
10 ham [9.99991582e-01 8.41827844e-06]
11 spam [0.02287083 0.97712917]
12 spam [0.00562577 0.99437423]
13 ham [9.99999955e-01 4.52224215e-08]
14 ham [0.98863427 0.01136573]
15 spam [0.41405852 0.58594148]
16 ham [0.66080413 0.33919587]
17 ham [9.99991336e-01 8.66369882e-06]
18 ham [0.99851319 0.00148681]
19 spam [0.25117847 0.74882153]
20 ham [0.98948428 0.01051572]
21 ham [0.99336879 0.00663121]
22 ham [9.99822927e-01 1.77073046e-04]
23 ham [9.99999499e-01 5.00624680e-07]
24 ham [9.99700683e-01 2.99317078e-04]
25 ham [9.99988084e-01 1.19158350e-05]
26 ham [0.99131596 0.00868404]
27 ham [9.99996049e-01 3.95117177e-06]
28 ham [9.99893692e-01 1.06308425e-04]
29 ham [0.99815933 0.00184067]
30 ham [9.99987741e-01 1.22592734e-05]
31 ham [1.00000000e+00 4.41824494e-11]
32 ham [0.9978587 0.0021413]
33 ham [9.99690163e-01 3.09836926e-04]
34 ham [9.99983128e-01 1.68717525e-05]
35 ham [9.99999998e-01 1.94082412e-09]
36 ham [9.99913394e-01 8.66060807e-05]
37 ham [9.99937142e-01 6.28582730e-05]
38 ham [0.85242886 0.14757114]
39 ham [9.99998648e-01 1.35243989e-06]
40 ham [9.99578235e-01 4.21765314e-04]
41 ham [1.000000e+00 1.782473e-12]
42 spam [0.46806782 0.53193218]
43 ham [0.6581739 0.3418261]
44 ham [9.99992155e-01 7.84549695e-06]
45 ham [0.82741144 0.17258856]
46 ham [0.973336 0.026664]
47 ham [0.9329751 0.0670249]
48 ham [9.99913136e-01 8.68637563e-05]
49 ham [9.99999994e-01 5.75027434e-09]
50 ham [9.99977601e-01 2.23988420e-05]
51 ham [9.99344986e-01 6.55014497e-04]
52 ham [0.99824373 0.00175627]
53 ham [1.00000000e+00 1.19036421e-17]
54 spam [0.06632033 0.93367967]
55 ham [0.9765147 0.0234853]
56 spam [0.47523462 0.52476538]
57 ham [0.99252113 0.00747887]
58 ham [0.91933545 0.08066455]
59 ham [0.9591973 0.0408027]
60 ham [9.99986830e-01 1.31696852e-05]
61 ham [0.79151551 0.20848449]
62 ham [0.95601716 0.04398284]
63 ham [9.99910599e-01 8.94011357e-05]
64 ham [9.99999954e-01 4.57923935e-08]
65 ham [9.99681454e-01 3.18545662e-04]
66 ham [9.99126216e-01 8.73783505e-04]
67 spam [3.35010072e-04 9.99664990e-01]
68 ham [9.99736471e-01 2.63529263e-04]
69 ham [0.99660105 0.00339895]
70 ham [0.86908723 0.13091277]
71 ham [0.78226252 0.21773748]
72 spam [0.31515206 0.68484794]
73 ham [0.89718129 0.10281871]
74 ham [0.99413041 0.00586959]
75 ham [0.99770745 0.00229255]
76 ham [9.99933923e-01 6.60771460e-05]
77 ham [9.99959077e-01 4.09230228e-05]
78 ham [0.99209578 0.00790422]
79 ham [9.99244986e-01 7.55014431e-04]
80 ham [0.97064562 0.02935438]
81 ham [0.99594755 0.00405245]
82 ham [9.99980449e-01 1.95513248e-05]
83 ham [9.99809089e-01 1.90910945e-04]
84 ham [0.54867225 0.45132775]
85 ham [0.99744988 0.00255012]
86 ham [9.99999999e-01 1.17160942e-09]
87 ham [1.00000000e+00 1.34042349e-10]
88 ham [9.99785677e-01 2.14323277e-04]
89 ham [0.76248659 0.23751341]
90 ham [0.78062599 0.21937401]
91 ham [1.00000000e+00 1.15939296e-10]
92 ham [9.99913563e-01 8.64373680e-05]
93 spam [0.16251147 0.83748853]
94 ham [9.99995979e-01 4.02126095e-06]
95 spam [0.33502982 0.66497018]
96 ham [0.6335989 0.3664011]
97 ham [9.99791581e-01 2.08419125e-04]
98 ham [9.99999983e-01 1.74435440e-08]
99 ham [0.99843608 0.00156392]
100 ham [0.99763987 0.00236013]
101 ham [9.99662439e-01 3.37561249e-04]
102 ham [9.99561913e-01 4.38086900e-04]
103 ham [9.99997040e-01 2.95991623e-06]
104 ham [9.99999999e-01 1.24550691e-09]
105 ham [0.99522476 0.00477524]
106 ham [0.99835044 0.00164956]
107 ham [9.99714591e-01 2.85408873e-04]
108 ham [9.99453236e-01 5.46763541e-04]
109 ham [9.99993389e-01 6.61090679e-06]
110 ham [0.98969274 0.01030726]
111 ham [0.98514333 0.01485667]
112 ham [0.9320206 0.0679794]
113 ham [9.99999980e-01 2.04054737e-08]
114 spam [0.03771609 0.96228391]
115 ham [0.99364452 0.00635548]
116 ham [9.99997989e-01 2.01096298e-06]
117 spam [0.1321169 0.8678831]
118 ham [0.91539031 0.08460969]
119 ham [9.99778498e-01 2.21502114e-04]
120 spam [0.00227256 0.99772744]
121 spam [0.00297457 0.99702543]
122 ham [0.9982532 0.0017468]
123 spam [0.00259473 0.99740527]
124 ham [9.99959593e-01 4.04074243e-05]
125 ham [0.93491062 0.06508938]
126 ham [0.83678274 0.16321726]
127 ham [1.00000000e+00 2.80174177e-13]
128 ham [0.98424764 0.01575236]
129 spam [0.00684206 0.99315794]
130 ham [0.97627354 0.02372646]
131 ham [0.97718786 0.02281214]
132 ham [0.80252395 0.19747605]
133 ham [0.97690325 0.02309675]
134 ham [0.85192496 0.14807504]
135 ham [0.65113393 0.34886607]
136 ham [0.99435231 0.00564769]
137 ham [0.99421325 0.00578675]
138 ham [0.99881823 0.00118177]
139 ham [0.98536227 0.01463773]
140 ham [9.99999946e-01 5.42619382e-08]
141 ham [9.99773701e-01 2.26298895e-04]
142 ham [0.88852604 0.11147396]
143 ham [0.91756067 0.08243933]
144 ham [9.99315220e-01 6.84780296e-04]
145 ham [9.99051486e-01 9.48513761e-04]
146 ham [0.94787407 0.05212593]
147 ham [0.97357762 0.02642238]
148 ham [0.99282049 0.00717951]
149 ham [0.98968936 0.01031064]
