0 ham [0.91026454 0.08973546]
1 ham [0.94081926 0.05918074]
2 spam [4.80456315e-06 9.99995195e-01]
3 ham [0.99380688 0.00619312]
4 ham [0.99781871 0.00218129]
5 spam [0.48627006 0.51372994]
6 ham [9.99900394e-01 9.96063910e-05]
7 ham [9.99011454e-01 9.88545972e-04]
8 spam [9.93943482e-07 9.99999006e-01]
9 spam [7.74608984e-04 9.99225391e-01]
10 ham [9.99426833e-01 5.73166793e-04]
11 spam [1.21109152e-04 9.99878891e-01]
12 spam [2.92764691e-05 9.99970724e-01]
13 ham [9.99923189e-01 7.68114366e-05]
14 ham [0.94570991 0.05429009]
15 spam [0.01732259 0.98267741]
16 spam [0.46575761 0.53424239]
17 ham [9.99605326e-01 3.94673940e-04]
18 ham [0.98009003 0.01990997]
19 spam [0.00315778 0.99684222]
20 ham [0.94960645 0.05039355]
21 ham [0.94620338 0.05379662]
22 ham [0.99849387 0.00150613]
23 ham [9.99975400e-01 2.46000053e-05]
24 ham [0.99745643 0.00254357]
25 ham [0.99722712 0.00277288]
26 ham [0.97733215 0.02266785]
27 ham [0.99799484 0.00200516]
28 ham [0.99803061 0.00196939]
29 ham [0.98127482 0.01872518]
30 ham [0.99806584 0.00193416]
31 ham [9.99999870e-01 1.29624838e-07]
32 ham [0.99314431 0.00685569]
33 ham [0.99157996 0.00842004]
34 ham [0.99066187 0.00933813]
35 ham [9.99999438e-01 5.62263841e-07]
36 ham [9.99464578e-01 5.35421534e-04]
37 ham [9.99682556e-01 3.17444165e-04]
38 ham [0.71989531 0.28010469]
39 ham [9.99412955e-01 5.87045312e-04]
40 ham [0.9869886 0.0130114]
41 ham [9.99999998e-01 1.73995812e-09]
42 spam [6.57779326e-04 9.99342221e-01]
43 spam [0.46140942 0.53859058]
44 ham [9.99890950e-01 1.09050252e-04]
45 ham [0.72312457 0.27687543]
46 ham [0.87844015 0.12155985]
47 ham [0.83493549 0.16506451]
48 ham [0.99852357 0.00147643]
49 ham [9.99998047e-01 1.95321136e-06]
50 ham [9.99769559e-01 2.30441033e-04]
51 ham [0.94593959 0.05406041]
52 ham [0.96211383 0.03788617]
53 ham [1.0000000e+00 5.1994729e-13]
54 spam [5.84974524e-04 9.99415025e-01]
55 ham [0.76890796 0.23109204]
56 spam [0.00278274 0.99721726]
57 ham [0.9763987 0.0236013]
58 ham [0.83973898 0.16026102]
59 ham [0.85784255 0.14215745]
60 ham [0.998853 0.001147]
61 spam [0.39787898 0.60212102]
62 ham [0.87139834 0.12860166]
63 ham [9.99080806e-01 9.19193805e-04]
64 ham [9.99991404e-01 8.59621199e-06]
65 ham [0.88643909 0.11356091]
66 ham [0.8833929 0.1166071]
67 spam [3.01293672e-06 9.99996987e-01]
68 ham [0.99513046 0.00486954]
69 ham [0.9808458 0.0191542]
70 ham [0.53691349 0.46308651]
71 ham [0.54693195 0.45306805]
72 spam [0.04938896 0.95061104]
73 ham [0.70214825 0.29785175]
74 ham [0.98273171 0.01726829]
75 ham [0.98389966 0.01610034]
76 ham [0.99860141 0.00139859]
77 ham [9.99549372e-01 4.50628418e-04]
78 ham [0.96461896 0.03538104]
79 ham [0.97727754 0.02272246]
80 ham [0.93350808 0.06649192]
81 ham [0.97792685 0.02207315]
82 ham [9.99833579e-01 1.66421254e-04]
83 ham [0.99868952 0.00131048]
84 spam [0.39003138 0.60996862]
85 ham [0.97374446 0.02625554]
86 ham [9.99999693e-01 3.06925760e-07]
87 ham [9.99999898e-01 1.02456803e-07]
88 ham [0.99852901 0.00147099]
89 spam [0.41756499 0.58243501]
90 spam [0.29477427 0.70522573]
91 ham [9.99999769e-01 2.30546953e-07]
92 ham [0.98651466 0.01348534]
93 spam [0.00219616 0.99780384]
94 ham [9.99802380e-01 1.97620236e-04]
95 spam [0.0017732 0.9982268]
96 spam [0.39507022 0.60492978]
97 ham [0.9978471 0.0021529]
98 ham [9.99971452e-01 2.85478561e-05]
99 ham [0.99391463 0.00608537]
100 ham [0.98024618 0.01975382]
101 ham [0.98023217 0.01976783]
102 ham [0.99021139 0.00978861]
103 ham [9.99532161e-01 4.67839295e-04]
104 ham [9.99998619e-01 1.38083372e-06]
105 ham [0.96327585 0.03672415]
106 ham [0.9469567 0.0530433]
107 ham [0.99773674 0.00226326]
108 ham [0.99013924 0.00986076]
109 ham [9.99044672e-01 9.55328390e-04]
110 ham [0.96514142 0.03485858]
111 ham [0.9266439 0.0733561]
112 ham [0.82946512 0.17053488]
113 ham [9.99997048e-01 2.95154412e-06]
114 spam [1.45485056e-04 9.99854515e-01]
115 ham [0.51943479 0.48056521]
116 ham [0.99847543 0.00152457]
117 spam [5.6481979e-04 9.9943518e-01]
118 spam [0.47356468 0.52643532]
119 ham [0.99446872 0.00553128]
120 spam [3.60773846e-05 9.99963923e-01]
121 spam [1.11805069e-05 9.99988819e-01]
122 ham [0.99033229 0.00966771]
123 spam [7.86409080e-06 9.99992136e-01]
124 ham [9.99340343e-01 6.59656810e-04]
125 ham [0.7614401 0.2385599]
126 ham [0.68460095 0.31539905]
127 ham [9.99999995e-01 5.49575657e-09]
128 ham [0.95523502 0.04476498]
129 spam [2.08252536e-05 9.99979175e-01]
130 ham [0.93356558 0.06643442]
131 ham [0.96536507 0.03463493]
132 ham [0.58122115 0.41877885]
133 ham [0.94711049 0.05288951]
134 spam [0.02603329 0.97396671]
135 spam [0.00397781 0.99602219]
136 ham [0.97923732 0.02076268]
137 ham [0.96739296 0.03260704]
138 ham [0.99153838 0.00846162]
139 spam [0.05647575 0.94352425]
140 ham [9.99995621e-01 4.37901673e-06]
141 ham [0.99869092 0.00130908]
142 ham [0.72672762 0.27327238]
143 spam [0.03562842 0.96437158]
144 ham [0.99388178 0.00611822]
145 ham [0.99560507 0.00439493]
146 ham [0.66933496 0.33066504]
147 spam [0.05953349 0.94046651]
148 ham [0.83702368 0.16297632]
149 ham [0.96256469 0.03743531]
