0 ham [9.99188587e-01 8.11413497e-04]
1 ham [0.95473545 0.04526455]
2 spam [0.00707907 0.99292093]
3 ham [0.9970673 0.0029327]
4 ham [0.99747332 0.00252668]
5 ham [9.99765634e-01 2.34365702e-04]
6 ham [9.99997671e-01 2.32908709e-06]
7 ham [9.99722799e-01 2.77201147e-04]
8 spam [0.00533557 0.99466443]
9 ham [0.72279445 0.27720555]
10 ham [9.99966938e-01 3.30618836e-05]
11 spam [0.24396788 0.75603212]
12 ham [0.61844272 0.38155728]
13 ham [9.99999517e-01 4.82857676e-07]
14 ham [0.82222222 0.17777778]
15 ham [0.88224326 0.11775674]
16 ham [0.71218508 0.28781492]
17 ham [9.99919863e-01 8.01367769e-05]
18 ham [9.99112516e-01 8.87484195e-04]
19 ham [0.83580042 0.16419958]
20 ham [0.98403026 0.01596974]
21 ham [0.99512077 0.00487923]
22 ham [0.99872165 0.00127835]
23 ham [9.99998983e-01 1.01673227e-06]
24 ham [0.99609692 0.00390308]
25 ham [0.98615047 0.01384953]
26 ham [0.99321385 0.00678615]
27 ham [9.99976460e-01 2.35404786e-05]
28 ham [0.99815776 0.00184224]
29 ham [0.95402123 0.04597877]
30 ham [9.99992251e-01 7.74937275e-06]
31 ham [1.00000000e+00 1.95586024e-10]
32 ham [0.99669686 0.00330314]
33 ham [9.99824244e-01 1.75755887e-04]
34 ham [9.99992286e-01 7.71391836e-06]
35 ham [9.99999997e-01 3.14253948e-09]
36 ham [9.99739324e-01 2.60676171e-04]
37 ham [9.99140688e-01 8.59311831e-04]
38 ham [0.75270534 0.24729466]
39 ham [9.99980406e-01 1.95938479e-05]
40 ham [0.98968039 0.01031961]
41 ham [9.99994560e-01 5.44006169e-06]
42 ham [0.80645505 0.19354495]
43 ham [0.82222222 0.17777778]
44 ham [0.99813871 0.00186129]
45 ham [0.75270534 0.24729466]
46 ham [0.97987954 0.02012046]
47 ham [0.9474463 0.0525537]
48 ham [0.996651 0.003349]
49 ham [9.99509400e-01 4.90599829e-04]
50 ham [9.99919327e-01 8.06732548e-05]
51 ham [0.99826484 0.00173516]
52 ham [0.99751871 0.00248129]
53 ham [1.00000000e+00 4.07344753e-12]
54 ham [0.94370744 0.05629256]
55 ham [0.97699792 0.02300208]
56 ham [0.78700933 0.21299067]
57 ham [0.95438692 0.04561308]
58 ham [0.93524314 0.06475686]
59 ham [0.96837491 0.03162509]
60 ham [9.99929791e-01 7.02085840e-05]
61 ham [0.86019171 0.13980829]
62 ham [0.94485798 0.05514202]
63 ham [0.99743029 0.00256971]
64 ham [9.99999660e-01 3.40313268e-07]
65 ham [0.99898665 0.00101335]
66 ham [9.99670544e-01 3.29455722e-04]
67 spam [0.0239758 0.9760242]
68 ham [9.99570473e-01 4.29526915e-04]
69 ham [0.93897582 0.06102418]
70 ham [0.82765408 0.17234592]
71 ham [0.82756299 0.17243701]
72 ham [0.82962963 0.17037037]
73 ham [0.92195804 0.07804196]
74 ham [0.98691379 0.01308621]
75 ham [0.99142797 0.00857203]
76 ham [9.99956157e-01 4.38426068e-05]
77 ham [9.99251464e-01 7.48535997e-04]
78 ham [0.98852051 0.01147949]
79 ham [0.99897689 0.00102311]
80 ham [0.84356329 0.15643671]
81 ham [0.99528512 0.00471488]
82 ham [9.99944814e-01 5.51863078e-05]
83 ham [9.99863506e-01 1.36494237e-04]
84 ham [0.6113142 0.3886858]
85 ham [0.98207785 0.01792215]
86 ham [9.99994560e-01 5.44005985e-06]
87 ham [9.99997656e-01 2.34364012e-06]
88 ham [9.99081299e-01 9.18701367e-04]
89 ham [0.81395618 0.18604382]
90 ham [0.67651492 0.32348508]
91 ham [9.99999996e-01 3.68033527e-09]
92 ham [9.99972046e-01 2.79541370e-05]
93 ham [0.51312022 0.48687978]
94 ham [9.99877935e-01 1.22064622e-04]
95 ham [0.91292967 0.08707033]
96 ham [0.68760041 0.31239959]
97 ham [9.99845752e-01 1.54248307e-04]
98 ham [9.99999953e-01 4.67261085e-08]
99 ham [0.97121366 0.02878634]
100 ham [0.98831429 0.01168571]
101 ham [0.9968845 0.0031155]
102 ham [0.99820415 0.00179585]
103 ham [9.99833334e-01 1.66666031e-04]
104 ham [9.99999752e-01 2.48450568e-07]
105 ham [0.99652402 0.00347598]
106 ham [9.99774635e-01 2.25365220e-04]
107 ham [0.98330476 0.01669524]
108 ham [9.99238481e-01 7.61518512e-04]
109 ham [0.99668781 0.00331219]
110 ham [0.92600589 0.07399411]
111 ham [0.96749188 0.03250812]
112 ham [0.94702824 0.05297176]
113 ham [9.99999824e-01 1.75537332e-07]
114 ham [0.80876923 0.19123077]
115 ham [0.99159267 0.00840733]
116 ham [9.99946408e-01 5.35919055e-05]
117 spam [0.03010849 0.96989151]
118 ham [0.78986044 0.21013956]
119 ham [9.99630071e-01 3.69929044e-04]
120 spam [0.29718942 0.70281058]
121 ham [0.78845031 0.21154969]
122 ham [0.99837825 0.00162175]
123 spam [0.00969908 0.99030092]
124 ham [9.99392952e-01 6.07048130e-04]
125 ham [0.95039714 0.04960286]
126 ham [0.86929302 0.13070698]
127 ham [1.00000000e+00 3.15363096e-10]
128 ham [0.96462778 0.03537222]
129 ham [0.82962963 0.17037037]
130 ham [0.98177723 0.01822277]
131 ham [0.88626196 0.11373804]
132 ham [0.86929302 0.13070698]
133 ham [0.96483101 0.03516899]
134 ham [0.99508864 0.00491136]
135 ham [0.96183816 0.03816184]
136 ham [0.92256462 0.07743538]
137 ham [0.98676505 0.01323495]
138 ham [0.96745014 0.03254986]
139 ham [0.99891035 0.00108965]
140 ham [9.99732805e-01 2.67195350e-04]
141 ham [9.99836845e-01 1.63154597e-04]
142 ham [0.93012737 0.06987263]
143 ham [0.92267727 0.07732273]
144 ham [0.99047322 0.00952678]
145 ham [0.99654537 0.00345463]
146 ham [0.96279941 0.03720059]
147 ham [0.97722805 0.02277195]
148 ham [0.9952584 0.0047416]
149 ham [0.99235248 0.00764752]
