0 ham [9.99556216e-01 4.43783889e-04]
1 ham [0.98771497 0.01228503]
2 spam [0.00917609 0.99082391]
3 ham [9.99680897e-01 3.19103182e-04]
4 ham [9.99934769e-01 6.52307578e-05]
5 ham [9.99814012e-01 1.85988096e-04]
6 ham [9.99998678e-01 1.32185610e-06]
7 ham [9.99999119e-01 8.81179201e-07]
8 spam [8.91327331e-04 9.99108673e-01]
9 ham [0.60393262 0.39606738]
10 ham [9.99998029e-01 1.97140299e-06]
11 spam [0.12594606 0.87405394]
12 spam [0.03365731 0.96634269]
13 ham [9.99999996e-01 3.50396522e-09]
14 ham [0.99343058 0.00656942]
15 ham [0.71585881 0.28414119]
16 ham [0.71978343 0.28021657]
17 ham [9.99997670e-01 2.32969112e-06]
18 ham [9.99394157e-01 6.05843483e-04]
19 ham [0.62560788 0.37439212]
20 ham [0.99392408 0.00607592]
21 ham [0.99680839 0.00319161]
22 ham [9.99915061e-01 8.49392283e-05]
23 ham [9.99999868e-01 1.31631366e-07]
24 ham [9.99856413e-01 1.43586952e-04]
25 ham [9.99998164e-01 1.83617731e-06]
26 ham [0.99376616 0.00623384]
27 ham [9.99999534e-01 4.66103728e-07]
28 ham [9.99960962e-01 3.90375119e-05]
29 ham [9.99173345e-01 8.26655258e-04]
30 ham [9.99997841e-01 2.15908717e-06]
31 ham [1.00000000e+00 2.85716998e-12]
32 ham [0.99856471 0.00143529]
33 ham [9.99900438e-01 9.95621899e-05]
34 ham [9.99998097e-01 1.90310584e-06]
35 ham [1.00000000e+00 2.74127797e-10]
36 ham [9.99953832e-01 4.61679958e-05]
37 ham [9.99964066e-01 3.59341633e-05]
38 ham [0.88425847 0.11574153]
39 ham [9.99999834e-01 1.66099655e-07]
40 ham [9.99871440e-01 1.28560249e-04]
41 ham [1.0000000e+00 1.6551597e-13]
42 ham [0.91335098 0.08664902]
43 ham [0.71804355 0.28195645]
44 ham [9.99996838e-01 3.16201747e-06]
45 ham [0.85533834 0.14466166]
46 ham [0.98458131 0.01541869]
47 ham [0.95179227 0.04820773]
48 ham [9.99967353e-01 3.26471745e-05]
49 ham [9.99999999e-01 7.72634865e-10]
50 ham [9.99989964e-01 1.00356436e-05]
51 ham [9.99859343e-01 1.40656600e-04]
52 ham [9.99397193e-01 6.02807433e-04]
53 ham [1.00000000e+00 3.00287352e-19]
54 spam [0.27107037 0.72892963]
55 ham [0.99002255 0.00997745]
56 ham [0.8693573 0.1306427]
57 ham [0.99498156 0.00501844]
58 ham [0.93708433 0.06291567]
59 ham [0.97406019 0.02593981]
60 ham [9.99997173e-01 2.82660821e-06]
61 ham [0.87393889 0.12606111]
62 ham [0.97012537 0.02987463]
63 ham [9.99959943e-01 4.00570314e-05]
64 ham [9.99999992e-01 7.52465869e-09]
65 ham [9.99959724e-01 4.02755897e-05]
66 ham [9.99845087e-01 1.54913437e-04]
67 spam [0.00169916 0.99830084]
68 ham [9.99902794e-01 9.72062162e-05]
69 ham [0.99813543 0.00186457]
70 ham [0.9237828 0.0762172]
71 ham [0.83958402 0.16041598]
72 spam [0.49408286 0.50591714]
73 ham [0.93199674 0.06800326]
74 ham [0.99596344 0.00403656]
75 ham [0.99883401 0.00116599]
76 ham [9.99976956e-01 2.30439970e-05]
77 ham [9.99982114e-01 1.78856148e-05]
78 ham [0.99531714 0.00468286]
79 ham [9.99768316e-01 2.31684272e-04]
80 ham [0.97798975 0.02201025]
81 ham [0.99775167 0.00224833]
82 ham [9.99990659e-01 9.34064393e-06]
83 ham [9.99901792e-01 9.82081810e-05]
84 ham [0.60274382 0.39725618]
85 ham [0.99886683 0.00113317]
86 ham [1.00000000e+00 1.71669426e-10]
87 ham [1.00000000e+00 1.35753247e-11]
88 ham [9.99889747e-01 1.10253179e-04]
89 ham [0.84335891 0.15664109]
90 ham [0.88163406 0.11836594]
91 ham [1.00000000e+00 8.66746933e-12]
92 ham [9.99984659e-01 1.53405236e-05]
93 spam [0.47248657 0.52751343]
94 ham [9.99998936e-01 1.06354075e-06]
95 ham [0.77608053 0.22391947]
96 ham [0.70686079 0.29313921]
97 ham [9.99906153e-01 9.38472799e-05]
98 ham [9.99999999e-01 1.39372425e-09]
99 ham [9.99017564e-01 9.82436033e-04]
100 ham [0.99886294 0.00113706]
101 ham [9.99916445e-01 8.35551153e-05]
102 ham [9.99848784e-01 1.51215867e-04]
103 ham [9.99999475e-01 5.25276832e-07]
104 ham [1.00000000e+00 1.13670876e-10]
105 ham [0.99765166 0.00234834]
106 ham [9.99507877e-01 4.92122782e-04]
107 ham [9.99859965e-01 1.40035357e-04]
108 ham [9.99798192e-01 2.01808444e-04]
109 ham [9.99998803e-01 1.19663138e-06]
110 ham [0.99325275 0.00674725]
111 ham [0.9915414 0.0084586]
112 ham [0.95139657 0.04860343]
113 ham [9.99999996e-01 3.69354753e-09]
114 spam [0.21142537 0.78857463]
115 ham [0.99884359 0.00115641]
116 ham [9.99999794e-01 2.05905303e-07]
117 ham [0.51012308 0.48987692]
118 ham [0.96216348 0.03783652]
119 ham [9.99927124e-01 7.28757329e-05]
120 spam [0.00937559 0.99062441]
121 spam [0.0200846 0.9799154]
122 ham [9.99033819e-01 9.66181270e-04]
123 spam [0.01888377 0.98111623]
124 ham [9.99984583e-01 1.54167841e-05]
125 ham [0.96021018 0.03978982]
126 ham [0.87335663 0.12664337]
127 ham [1.00000000e+00 9.26102335e-15]
128 ham [0.98907261 0.01092739]
129 spam [0.04849816 0.95150184]
130 ham [0.98350005 0.01649995]
131 ham [0.98026887 0.01973113]
132 ham [0.85479967 0.14520033]
133 ham [0.98272692 0.01727308]
134 ham [0.97347594 0.02652406]
135 ham [0.93950062 0.06049938]
136 ham [0.99640586 0.00359414]
137 ham [0.99683275 0.00316725]
138 ham [9.99401549e-01 5.98451436e-04]
139 ham [0.99868258 0.00131742]
140 ham [9.99999988e-01 1.19469314e-08]
141 ham [9.99876453e-01 1.23546796e-04]
142 ham [0.92086149 0.07913851]
143 ham [0.98759299 0.01240701]
144 ham [9.99678568e-01 3.21432406e-04]
145 ham [9.99441299e-01 5.58700969e-04]
146 ham [0.97484528 0.02515472]
147 ham [0.99698496 0.00301504]
148 ham [0.99768107 0.00231893]
149 ham [0.99342719 0.00657281]
