0 ham [9.99982817e-01 1.71834221e-05]
1 ham [0.96754399 0.03245601]
2 spam [3.41650283e-06 9.99996583e-01]
3 ham [9.99977411e-01 2.25891224e-05]
4 ham [9.99751895e-01 2.48104538e-04]
5 ham [9.99975128e-01 2.48720147e-05]
6 ham [9.99997628e-01 2.37213105e-06]
7 ham [0.99621579 0.00378421]
8 spam [2.26833040e-05 9.99977317e-01]
9 spam [7.81302593e-05 9.99921870e-01]
10 ham [9.99998844e-01 1.15604596e-06]
11 spam [0.05671183 0.94328817]
12 ham [0.77537172 0.22462828]
13 ham [9.99999992e-01 7.81621823e-09]
14 ham [0.85481481 0.14518519]
15 ham [0.62173991 0.37826009]
16 ham [0.8515597 0.1484403]
17 ham [9.99998438e-01 1.56212271e-06]
18 ham [9.99994158e-01 5.84180809e-06]
19 spam [0.30497884 0.69502116]
20 ham [0.9987568 0.0012432]
21 ham [0.77858391 0.22141609]
22 ham [0.99758019 0.00241981]
23 ham [9.99999998e-01 2.33216754e-09]
24 ham [9.99907797e-01 9.22032092e-05]
25 ham [9.99947390e-01 5.26102929e-05]
26 ham [0.99543332 0.00456668]
27 ham [9.99999998e-01 1.85185632e-09]
28 ham [9.99993469e-01 6.53092211e-06]
29 ham [0.99854789 0.00145211]
30 ham [9.99999999e-01 7.13778694e-10]
31 ham [1.00000000e+00 2.27343784e-13]
32 ham [0.99861243 0.00138757]
33 ham [9.99747498e-01 2.52502449e-04]
34 ham [0.89317852 0.10682148]
35 ham [1.0000000e+00 9.1327204e-11]
36 ham [9.99997950e-01 2.05031759e-06]
37 ham [9.99043578e-01 9.56421754e-04]
38 ham [0.85481481 0.14518519]
39 ham [9.99821040e-01 1.78960371e-04]
40 ham [0.99891204 0.00108796]
41 ham [1.00000000e+00 3.51897433e-13]
42 spam [1.89055936e-06 9.99998109e-01]
43 ham [0.85481481 0.14518519]
44 ham [9.99980210e-01 1.97900224e-05]
45 ham [0.811411 0.188589]
46 ham [0.99717902 0.00282098]
47 ham [0.98151596 0.01848404]
48 ham [9.99996847e-01 3.15262020e-06]
49 ham [9.99943122e-01 5.68775995e-05]
50 ham [9.99997107e-01 2.89327383e-06]
51 ham [9.99297169e-01 7.02831428e-04]
52 ham [0.9987277 0.0012723]
53 ham [1.0000000e+00 4.3687994e-17]
54 ham [0.70768926 0.29231074]
55 ham [9.99044046e-01 9.55954419e-04]
56 spam [0.06106549 0.93893451]
57 ham [0.9956049 0.0043951]
58 ham [0.99490879 0.00509121]
59 ham [0.94663625 0.05336375]
60 ham [9.99831938e-01 1.68061876e-04]
61 ham [0.99028458 0.00971542]
62 ham [0.9547775 0.0452225]
63 ham [9.99996739e-01 3.26094406e-06]
64 ham [9.99999979e-01 2.12465388e-08]
65 ham [0.9399131 0.0600869]
66 ham [0.99894491 0.00105509]
67 spam [1.87367170e-04 9.99812633e-01]
68 ham [9.99795421e-01 2.04579495e-04]
69 ham [0.9889979 0.0110021]
70 ham [0.96370239 0.03629761]
71 ham [0.99016297 0.00983703]
72 ham [0.85481481 0.14518519]
73 ham [0.97940767 0.02059233]
74 ham [0.99603941 0.00396059]
75 ham [0.99886317 0.00113683]
76 ham [9.99992610e-01 7.38972349e-06]
77 ham [9.99988188e-01 1.18117612e-05]
78 ham [0.99447887 0.00552113]
79 ham [9.99915632e-01 8.43684313e-05]
80 ham [0.96385573 0.03614427]
81 ham [0.99816121 0.00183879]
82 ham [9.99998446e-01 1.55350463e-06]
83 ham [9.99994043e-01 5.95708788e-06]
84 ham [0.74310312 0.25689688]
85 ham [0.95727861 0.04272139]
86 ham [9.99999966e-01 3.40455284e-08]
87 ham [9.99999716e-01 2.83752969e-07]
88 ham [9.99927349e-01 7.26510901e-05]
89 ham [0.96847434 0.03152566]
90 ham [0.8952766 0.1047234]
91 ham [1.00000000e+00 2.61203507e-14]
92 ham [9.99999513e-01 4.87346904e-07]
93 spam [2.01503809e-06 9.99997985e-01]
94 ham [9.99979358e-01 2.06420215e-05]
95 spam [0.13298326 0.86701674]
96 ham [0.81000731 0.18999269]
97 ham [9.99997917e-01 2.08273143e-06]
98 ham [9.99999999e-01 1.09423029e-09]
99 ham [0.96058872 0.03941128]
100 ham [0.96948845 0.03051155]
101 ham [9.99121522e-01 8.78477718e-04]
102 ham [9.99006488e-01 9.93511559e-04]
103 ham [0.97633726 0.02366274]
104 ham [9.99999918e-01 8.19706834e-08]
105 ham [9.99954564e-01 4.54361315e-05]
106 ham [9.99782945e-01 2.17055034e-04]
107 ham [0.99874276 0.00125724]
108 ham [9.99583855e-01 4.16144726e-04]
109 ham [9.99997335e-01 2.66548953e-06]
110 ham [0.92044835 0.07955165]
111 ham [0.98569999 0.01430001]
112 ham [0.97594808 0.02405192]
113 ham [1.00000000e+00 6.01981446e-11]
114 spam [6.74858184e-04 9.99325142e-01]
115 ham [0.89260032 0.10739968]
116 ham [9.99999946e-01 5.44533026e-08]
117 spam [2.61579891e-06 9.99997384e-01]
118 spam [0.44035737 0.55964263]
119 ham [9.99783293e-01 2.16707143e-04]
120 spam [3.42723534e-04 9.99657276e-01]
121 spam [0.04895168 0.95104832]
122 ham [9.99907834e-01 9.21662461e-05]
123 spam [2.62352364e-06 9.99997376e-01]
124 ham [0.99788479 0.00211521]
125 ham [0.97806624 0.02193376]
126 ham [0.94691518 0.05308482]
127 ham [1.00000000e+00 2.52506886e-14]
128 ham [0.99755239 0.00244761]
129 ham [0.85481481 0.14518519]
130 ham [0.99824926 0.00175074]
131 ham [0.85481481 0.14518519]
132 ham [0.93730261 0.06269739]
133 ham [0.97631033 0.02368967]
134 ham [9.99814031e-01 1.85969481e-04]
135 spam [0.11559904 0.88440096]
136 ham [0.73973517 0.26026483]
137 ham [0.99518244 0.00481756]
138 ham [0.91824876 0.08175124]
139 ham [0.9722556 0.0277444]
140 ham [9.99987415e-01 1.25847551e-05]
141 ham [9.99734256e-01 2.65743523e-04]
142 ham [0.84770152 0.15229848]
143 ham [9.99746154e-01 2.53845781e-04]
144 ham [9.99931230e-01 6.87702257e-05]
145 ham [0.99234756 0.00765244]
146 ham [0.92621826 0.07378174]
147 ham [0.97087029 0.02912971]
148 ham [9.99151951e-01 8.48048935e-04]
149 ham [0.98781275 0.01218725]
150 ham [0.99830521 0.00169479]
151 ham [0.9987738 0.0012262]
152 ham [9.99954843e-01 4.51573795e-05]
153 ham [0.74310312 0.25689688]
154 ham [0.97633726 0.02366274]
155 ham [1.00000000e+00 2.88565125e-26]
156 ham [0.99375777 0.00624223]
157 ham [0.97011171 0.02988829]
158 ham [1.00000000e+00 1.78386236e-13]
159 spam [0.00392644 0.99607356]
160 spam [1.20675659e-06 9.99998793e-01]
161 ham [9.99999996e-01 3.82858359e-09]
162 ham [9.99934093e-01 6.59074666e-05]
163 ham [9.99999760e-01 2.39953216e-07]
164 ham [0.97415857 0.02584143]
165 ham [0.92015076 0.07984924]
166 ham [0.96952601 0.03047399]
167 spam [2.41976332e-04 9.99758024e-01]
168 ham [0.8772433 0.1227567]
169 ham [0.99883692 0.00116308]
170 ham [0.99061119 0.00938881]
171 ham [0.99845541 0.00154459]
172 ham [9.99818244e-01 1.81755503e-04]
173 ham [9.99556167e-01 4.43833390e-04]
174 ham [9.99997585e-01 2.41469516e-06]
175 ham [9.99915465e-01 8.45346486e-05]
176 ham [9.99999989e-01 1.14963121e-08]
177 ham [0.99867442 0.00132558]
178 ham [9.99999855e-01 1.45247929e-07]
179 ham [9.99999987e-01 1.33043935e-08]
180 ham [9.99996426e-01 3.57371809e-06]
181 ham [9.99999997e-01 3.04314450e-09]
182 ham [0.9712278 0.0287722]
183 ham [9.99810385e-01 1.89615309e-04]
184 ham [0.95496072 0.04503928]
185 ham [0.91043511 0.08956489]
186 ham [9.99999996e-01 4.13910784e-09]
187 ham [0.99611118 0.00388882]
188 spam [1.10735013e-05 9.99988926e-01]
189 ham [9.99999705e-01 2.95291790e-07]
190 ham [9.99997109e-01 2.89082745e-06]
191 ham [0.93664683 0.06335317]
192 ham [9.99999999e-01 6.24466134e-10]
193 ham [0.99464702 0.00535298]
194 ham [0.99264552 0.00735448]
195 ham [9.99948252e-01 5.17479979e-05]
196 ham [0.99595741 0.00404259]
197 ham [9.99862854e-01 1.37146482e-04]
198 ham [9.99833092e-01 1.66907781e-04]
199 ham [1.00000000e+00 3.23148618e-12]
200 ham [0.99637282 0.00362718]
201 ham [0.9717011 0.0282989]
202 ham [9.99999788e-01 2.12391234e-07]
203 ham [0.98816186 0.01183814]
204 ham [0.85272398 0.14727602]
205 ham [0.93201746 0.06798254]
206 ham [9.99926523e-01 7.34771633e-05]
207 ham [9.99999976e-01 2.36844643e-08]
208 ham [0.57746168 0.42253832]
209 ham [0.86661835 0.13338165]
210 ham [9.99954851e-01 4.51490034e-05]
211 ham [9.99941064e-01 5.89355121e-05]
212 ham [9.99633183e-01 3.66816653e-04]
213 ham [0.8562963 0.1437037]
214 ham [0.74325965 0.25674035]
215 ham [0.99497218 0.00502782]
216 spam [0.41459679 0.58540321]
217 ham [0.98381719 0.01618281]
218 ham [0.97434515 0.02565485]
219 ham [0.92703492 0.07296508]
220 ham [1.00000000e+00 1.03383029e-14]
221 ham [0.85668392 0.14331608]
222 ham [9.99998876e-01 1.12416174e-06]
223 ham [0.96067407 0.03932593]
224 ham [9.99992690e-01 7.31001191e-06]
225 spam [6.21937151e-04 9.99378063e-01]
226 ham [9.99810945e-01 1.89055016e-04]
227 spam [0.16463424 0.83536576]
228 ham [0.73214036 0.26785964]
229 ham [0.99559237 0.00440763]
230 ham [9.99922547e-01 7.74525775e-05]
231 ham [0.99875214 0.00124786]
232 ham [0.99846224 0.00153776]
233 ham [0.93655153 0.06344847]
234 ham [0.99639935 0.00360065]
235 spam [0.17297636 0.82702364]
236 ham [0.99185002 0.00814998]
237 ham [9.99584879e-01 4.15120645e-04]
238 ham [0.95321881 0.04678119]
239 ham [9.99898793e-01 1.01206927e-04]
240 ham [0.99757929 0.00242071]
241 ham [9.99806405e-01 1.93594950e-04]
242 ham [0.8562963 0.1437037]
243 ham [9.99606145e-01 3.93855180e-04]
244 ham [1.00000000e+00 1.85701561e-10]
245 ham [0.97036351 0.02963649]
246 ham [9.99998366e-01 1.63368945e-06]
247 ham [0.99342112 0.00657888]
248 ham [0.97166562 0.02833438]
249 ham [9.99999305e-01 6.95163090e-07]
250 spam [1.84427529e-10 1.00000000e+00]
251 spam [0.48677903 0.51322097]
252 ham [9.99994299e-01 5.70143157e-06]
253 ham [0.97762471 0.02237529]
254 ham [9.99999212e-01 7.87693993e-07]
255 ham [0.9982863 0.0017137]
256 ham [9.99726793e-01 2.73207378e-04]
257 ham [0.9978796 0.0021204]
258 ham [9.99924878e-01 7.51220450e-05]
259 spam [4.09205916e-04 9.99590794e-01]
260 ham [9.99951201e-01 4.87992294e-05]
261 ham [0.8562963 0.1437037]
262 ham [9.99983532e-01 1.64683892e-05]
263 ham [0.74209512 0.25790488]
264 spam [0.31543832 0.68456168]
265 ham [0.9975212 0.0024788]
266 ham [0.80614133 0.19385867]
267 ham [0.99892139 0.00107861]
268 spam [0.00562661 0.99437339]
269 ham [0.94487936 0.05512064]
270 spam [0.04218675 0.95781325]
271 spam [0.47743382 0.52256618]
272 ham [9.99988278e-01 1.17215893e-05]
273 spam [0.10836774 0.89163226]
274 ham [9.99048042e-01 9.51957572e-04]
275 ham [0.94754206 0.05245794]
276 ham [0.8562963 0.1437037]
277 ham [0.94367916 0.05632084]
278 ham [9.99587747e-01 4.12253089e-04]
279 ham [9.99836548e-01 1.63452403e-04]
280 ham [0.95208753 0.04791247]
281 ham [0.99627565 0.00372435]
282 ham [9.99999824e-01 1.76133848e-07]
283 ham [0.97736543 0.02263457]
284 ham [0.8562963 0.1437037]
285 ham [9.99999996e-01 3.93575346e-09]
286 ham [9.99999249e-01 7.50865083e-07]
287 ham [0.8562963 0.1437037]
288 ham [1.00000000e+00 1.72195632e-12]
289 ham [9.99999996e-01 3.78926095e-09]
290 ham [9.99841019e-01 1.58981233e-04]
291 ham [0.96979172 0.03020828]
292 ham [9.99807534e-01 1.92466309e-04]
293 ham [0.99725194 0.00274806]
294 ham [0.9904988 0.0095012]
295 ham [0.8628825 0.1371175]
296 spam [2.76761911e-06 9.99997232e-01]
297 ham [0.99473909 0.00526091]
298 ham [1.00000000e+00 2.50612693e-11]
299 ham [0.95014126 0.04985874]
300 ham [9.99848671e-01 1.51328926e-04]
301 ham [9.99997142e-01 2.85750595e-06]
302 ham [9.99999984e-01 1.59695482e-08]
303 ham [9.99999159e-01 8.40921886e-07]
304 ham [0.80797557 0.19202443]
305 ham [0.85077751 0.14922249]
306 ham [9.99984993e-01 1.50074723e-05]
307 ham [0.99881636 0.00118364]
308 ham [0.99378158 0.00621842]
309 spam [0.06391869 0.93608131]
310 ham [0.9402276 0.0597724]
311 ham [0.99151861 0.00848139]
312 ham [0.58030593 0.41969407]
313 ham [1.00000000e+00 1.05525301e-10]
314 ham [9.99999996e-01 3.88242218e-09]
315 ham [9.99944931e-01 5.50687538e-05]
316 ham [0.93560968 0.06439032]
317 ham [9.99976467e-01 2.35334910e-05]
318 ham [0.97585048 0.02414952]
319 spam [3.16703908e-05 9.99968330e-01]
320 ham [0.99295496 0.00704504]
321 ham [9.99950604e-01 4.93955406e-05]
322 ham [9.99948426e-01 5.15736498e-05]
323 ham [0.99675082 0.00324918]
324 ham [9.99998297e-01 1.70297286e-06]
325 ham [0.97816273 0.02183727]
326 ham [0.813401 0.186599]
327 ham [0.93804385 0.06195615]
328 ham [9.99919460e-01 8.05401176e-05]
329 ham [0.99637124 0.00362876]
330 ham [9.99992586e-01 7.41392549e-06]
331 ham [0.8562963 0.1437037]
332 ham [9.99967678e-01 3.23223674e-05]
333 spam [0.00254744 0.99745256]
334 ham [9.99997636e-01 2.36411591e-06]
335 ham [0.99728645 0.00271355]
336 ham [9.99965658e-01 3.43415623e-05]
337 ham [0.99756196 0.00243804]
338 ham [0.74398735 0.25601265]
339 ham [0.96078201 0.03921799]
340 ham [0.99081468 0.00918532]
341 ham [0.95883879 0.04116121]
342 ham [9.99998009e-01 1.99107859e-06]
343 ham [0.91888323 0.08111677]
344 ham [0.99863497 0.00136503]
345 ham [0.89260983 0.10739017]
346 ham [0.98433394 0.01566606]
347 ham [9.99985151e-01 1.48493922e-05]
348 ham [0.58025321 0.41974679]
349 spam [0.09615498 0.90384502]
350 ham [9.99804640e-01 1.95360179e-04]
351 ham [0.99621978 0.00378022]
352 ham [9.99999845e-01 1.54748538e-07]
353 ham [9.99941149e-01 5.88514068e-05]
354 ham [9.99999953e-01 4.69960032e-08]
355 ham [0.89709998 0.10290002]
356 ham [9.99999746e-01 2.53623494e-07]
357 spam [1.04441228e-10 1.00000000e+00]
358 spam [0.03665105 0.96334895]
359 ham [9.99999999e-01 6.11873603e-10]
360 ham [9.99960819e-01 3.91812625e-05]
361 ham [0.77121511 0.22878489]
362 ham [0.98510557 0.01489443]
363 ham [0.87668673 0.12331327]
364 ham [0.99114364 0.00885636]
365 ham [1.00000000e+00 4.94031676e-13]
366 ham [9.99997362e-01 2.63759801e-06]
367 spam [3.25447051e-04 9.99674553e-01]
368 spam [0.00506436 0.99493564]
369 ham [0.96673383 0.03326617]
370 ham [0.99854533 0.00145467]
371 ham [1.00000000e+00 2.98549786e-10]
372 ham [9.99871034e-01 1.28965976e-04]
373 ham [9.99348365e-01 6.51634506e-04]
374 ham [1.00000000e+00 8.85962038e-18]
375 spam [0.06854146 0.93145854]
376 ham [0.99803473 0.00196527]
377 ham [0.96430921 0.03569079]
378 ham [9.99995737e-01 4.26286387e-06]
379 ham [0.99756239 0.00243761]
380 ham [9.99991518e-01 8.48240707e-06]
381 ham [1.00000000e+00 5.34030782e-14]
382 ham [9.99894933e-01 1.05067145e-04]
383 ham [0.99664726 0.00335274]
384 ham [9.99972262e-01 2.77379582e-05]
385 ham [0.63679925 0.36320075]
386 ham [0.79926468 0.20073532]
387 ham [9.99423295e-01 5.76705173e-04]
388 ham [9.99924934e-01 7.50656577e-05]
389 spam [1.91941125e-06 9.99998081e-01]
390 ham [9.99246905e-01 7.53094559e-04]
391 ham [0.98214202 0.01785798]
392 ham [9.99960266e-01 3.97343672e-05]
393 ham [0.9989654 0.0010346]
394 ham [1.00000000e+00 5.46755097e-13]
395 ham [9.99801827e-01 1.98172983e-04]
396 ham [0.99360772 0.00639228]
397 ham [9.99996454e-01 3.54574108e-06]
398 ham [1.00000000e+00 9.74796811e-11]
399 ham [9.99999906e-01 9.35525137e-08]
400 ham [0.98922711 0.01077289]
401 spam [7.25098906e-05 9.99927490e-01]
402 ham [9.99555000e-01 4.44999887e-04]
403 ham [0.97869485 0.02130515]
404 ham [9.99145989e-01 8.54011016e-04]
405 ham [0.99502344 0.00497656]
406 ham [0.99716036 0.00283964]
407 ham [9.99999551e-01 4.49010073e-07]
408 ham [0.92556814 0.07443186]
409 ham [0.8490443 0.1509557]
410 ham [0.88974437 0.11025563]
411 ham [9.99989310e-01 1.06902565e-05]
412 ham [9.99834648e-01 1.65351683e-04]
413 ham [0.87835948 0.12164052]
414 ham [0.99015139 0.00984861]
415 spam [0.01171147 0.98828853]
416 ham [0.99644829 0.00355171]
417 ham [0.99359963 0.00640037]
418 spam [8.62458255e-04 9.99137542e-01]
419 ham [9.99942574e-01 5.74258646e-05]
420 spam [0.00253719 0.99746281]
421 ham [0.62271398 0.37728602]
422 ham [0.75306684 0.24693316]
423 ham [0.97069853 0.02930147]
424 spam [0.00286445 0.99713555]
425 ham [0.98883931 0.01116069]
426 ham [0.97165055 0.02834945]
427 ham [0.97677268 0.02322732]
428 ham [0.53308327 0.46691673]
429 ham [9.99999474e-01 5.26193678e-07]
430 ham [0.99886107 0.00113893]
431 ham [0.97797275 0.02202725]
432 ham [0.95578625 0.04421375]
433 spam [7.54268620e-05 9.99924573e-01]
434 ham [0.79894661 0.20105339]
435 ham [0.95248113 0.04751887]
436 ham [0.99599424 0.00400576]
437 ham [9.99365396e-01 6.34603672e-04]
438 ham [0.98089292 0.01910708]
439 ham [0.99149963 0.00850037]
440 ham [9.99973217e-01 2.67825148e-05]
441 ham [0.99880338 0.00119662]
442 ham [0.97976411 0.02023589]
443 ham [9.99993925e-01 6.07520117e-06]
444 ham [0.9574429 0.0425571]
445 ham [0.8562963 0.1437037]
446 ham [9.99999241e-01 7.59308117e-07]
447 ham [0.99888938 0.00111062]
448 ham [9.99998823e-01 1.17696689e-06]
449 ham [9.99207260e-01 7.92739888e-04]
450 ham [0.77351255 0.22648745]
451 ham [0.74304704 0.25695296]
452 ham [9.99997941e-01 2.05942978e-06]
453 ham [0.99256124 0.00743876]
454 ham [9.99999964e-01 3.62584013e-08]
455 ham [0.75776596 0.24223404]
456 ham [0.99734721 0.00265279]
457 ham [0.8562963 0.1437037]
458 ham [9.99995629e-01 4.37054156e-06]
459 ham [9.99995870e-01 4.13008103e-06]
460 ham [9.99991423e-01 8.57696863e-06]
461 ham [9.99982541e-01 1.74592686e-05]
462 ham [0.98901595 0.01098405]
463 spam [0.07142227 0.92857773]
464 ham [0.98022787 0.01977213]
465 ham [9.99713929e-01 2.86071246e-04]
466 ham [9.99996020e-01 3.97985201e-06]
467 ham [9.99612080e-01 3.87919769e-04]
468 ham [0.99761587 0.00238413]
469 ham [0.97833181 0.02166819]
470 ham [0.99844877 0.00155123]
471 spam [0.12285911 0.87714089]
472 ham [0.99815467 0.00184533]
473 ham [1.00000000e+00 1.46048076e-11]
474 spam [0.03272141 0.96727859]
475 ham [0.85229417 0.14770583]
476 ham [9.99742716e-01 2.57283831e-04]
477 ham [0.99360574 0.00639426]
478 ham [0.8562963 0.1437037]
479 ham [9.99849034e-01 1.50966123e-04]
480 ham [9.99992546e-01 7.45422145e-06]
481 ham [0.99641777 0.00358223]
482 ham [9.99998798e-01 1.20230489e-06]
483 ham [0.85258404 0.14741596]
484 ham [0.99806075 0.00193925]
485 spam [0.3674913 0.6325087]
486 ham [0.99669911 0.00330089]
487 spam [0.00100778 0.99899222]
488 ham [0.98287421 0.01712579]
489 ham [9.99999225e-01 7.75451087e-07]
490 ham [9.99832146e-01 1.67854185e-04]
491 ham [9.99999836e-01 1.64496567e-07]
492 spam [0.06984551 0.93015449]
493 ham [0.95780858 0.04219142]
494 ham [0.97581422 0.02418578]
495 ham [0.99245011 0.00754989]
496 ham [0.8562963 0.1437037]
497 ham [9.99999438e-01 5.62312827e-07]
498 ham [9.99919700e-01 8.02995597e-05]
499 ham [0.79863475 0.20136525]
500 ham [0.99818897 0.00181103]
501 ham [9.99982024e-01 1.79759688e-05]
502 ham [0.99725629 0.00274371]
503 ham [0.88898706 0.11101294]
504 ham [0.79646253 0.20353747]
505 spam [0.00117368 0.99882632]
506 ham [9.99999960e-01 3.97416462e-08]
507 ham [0.97476178 0.02523822]
508 ham [9.99999974e-01 2.56057885e-08]
509 ham [0.9379889 0.0620111]
510 ham [0.69820964 0.30179036]
511 ham [9.99999912e-01 8.75656443e-08]
512 ham [0.58391595 0.41608405]
513 ham [0.97220756 0.02779244]
514 ham [0.84879281 0.15120719]
515 spam [0.04065474 0.95934526]
516 ham [0.69438658 0.30561342]
517 spam [0.00159068 0.99840932]
518 ham [0.83455407 0.16544593]
519 ham [9.99999997e-01 2.97234647e-09]
520 ham [9.99983970e-01 1.60304134e-05]
521 ham [0.97694729 0.02305271]
522 ham [9.99621096e-01 3.78904403e-04]
523 ham [0.99601855 0.00398145]
524 ham [0.99236744 0.00763256]
525 spam [0.07624865 0.92375135]
526 ham [9.99709231e-01 2.90768514e-04]
527 spam [0.05414289 0.94585711]
528 ham [0.993843 0.006157]
529 ham [0.74282901 0.25717099]
530 ham [0.98786501 0.01213499]
531 spam [0.00445605 0.99554395]
532 ham [0.96118918 0.03881082]
533 ham [0.98343776 0.01656224]
534 ham [0.92564893 0.07435107]
535 ham [1.00000000e+00 7.71733658e-16]
536 ham [9.99999996e-01 4.16941810e-09]
537 ham [9.99984675e-01 1.53246445e-05]
538 ham [9.99937659e-01 6.23412209e-05]
539 ham [9.99988683e-01 1.13168424e-05]
540 ham [0.99185456 0.00814544]
541 spam [0.02098667 0.97901333]
542 ham [0.93357587 0.06642413]
543 ham [9.99986594e-01 1.34061277e-05]
544 ham [0.83058933 0.16941067]
545 ham [9.99986323e-01 1.36767829e-05]
546 ham [0.70860811 0.29139189]
547 ham [1.00000000e+00 4.59542312e-13]
548 ham [0.99571653 0.00428347]
549 ham [0.8562963 0.1437037]
550 ham [9.99999978e-01 2.18741860e-08]
551 ham [1.00000000e+00 8.93842269e-14]
552 ham [0.84833642 0.15166358]
553 ham [0.95158919 0.04841081]
554 ham [9.99999998e-01 2.03423757e-09]
555 ham [0.99453186 0.00546814]
556 ham [0.87066143 0.12933857]
557 ham [0.99645657 0.00354343]
558 ham [9.99993264e-01 6.73604224e-06]
559 ham [9.99243625e-01 7.56374546e-04]
560 ham [9.99997382e-01 2.61791647e-06]
561 ham [0.97573159 0.02426841]
562 ham [0.94885136 0.05114864]
563 ham [9.99996162e-01 3.83753337e-06]
564 spam [0.00145333 0.99854667]
565 ham [1.00000000e+00 3.06882509e-15]
566 ham [9.99586837e-01 4.13162931e-04]
567 ham [0.87382747 0.12617253]
568 ham [1.00000000e+00 6.95812168e-13]
569 ham [9.99965527e-01 3.44727423e-05]
570 ham [0.8562963 0.1437037]
571 ham [9.99999997e-01 2.65822044e-09]
572 ham [9.99863468e-01 1.36532038e-04]
573 ham [0.99415475 0.00584525]
574 ham [0.86597066 0.13402934]
575 ham [0.98831506 0.01168494]
576 spam [0.21735982 0.78264018]
577 ham [9.99998200e-01 1.79977294e-06]
578 ham [9.99976630e-01 2.33704531e-05]
579 spam [2.54030294e-05 9.99974597e-01]
580 ham [0.97943616 0.02056384]
581 ham [0.99544736 0.00455264]
582 ham [9.99984279e-01 1.57213290e-05]
583 spam [1.23424892e-06 9.99998766e-01]
584 ham [9.99995041e-01 4.95923481e-06]
585 ham [0.99669638 0.00330362]
586 ham [9.99964943e-01 3.50572383e-05]
587 ham [0.99825832 0.00174168]
588 ham [0.77841298 0.22158702]
589 ham [0.67964311 0.32035689]
590 ham [9.99773874e-01 2.26125741e-04]
591 spam [0.09872567 0.90127433]
592 spam [0.01012873 0.98987127]
593 spam [0.0094817 0.9905183]
594 ham [0.97122622 0.02877378]
595 ham [9.99995281e-01 4.71864178e-06]
596 ham [0.96286225 0.03713775]
597 ham [0.9971118 0.0028882]
598 spam [0.00685982 0.99314018]
599 ham [0.99878153 0.00121847]
600 ham [0.99568847 0.00431153]
601 ham [0.86912171 0.13087829]
602 ham [9.99990657e-01 9.34285559e-06]
603 ham [0.97463987 0.02536013]
604 ham [0.99811056 0.00188944]
605 ham [0.98291111 0.01708889]
606 ham [0.96969652 0.03030348]
607 ham [0.50808285 0.49191715]
608 ham [9.99996779e-01 3.22099228e-06]
609 ham [0.9208622 0.0791378]
610 ham [0.9979252 0.0020748]
611 ham [0.50498998 0.49501002]
612 ham [9.99995531e-01 4.46894439e-06]
613 ham [0.87459371 0.12540629]
614 spam [0.42895414 0.57104586]
615 ham [9.99724670e-01 2.75329715e-04]
616 ham [9.99999808e-01 1.91829696e-07]
617 ham [9.99999932e-01 6.79263408e-08]
618 ham [0.98984972 0.01015028]
619 ham [0.99174557 0.00825443]
620 ham [0.99820239 0.00179761]
621 ham [9.99797646e-01 2.02354051e-04]
622 ham [0.98996884 0.01003116]
623 ham [0.8562963 0.1437037]
624 ham [9.99818450e-01 1.81549821e-04]
625 ham [0.99574818 0.00425182]
626 ham [0.99333695 0.00666305]
627 ham [9.99810019e-01 1.89981447e-04]
628 ham [1.00000000e+00 3.52518484e-11]
629 spam [0.16975982 0.83024018]
630 spam [1.45278369e-04 9.99854722e-01]
631 ham [9.99796626e-01 2.03374116e-04]
632 ham [0.8562963 0.1437037]
633 ham [9.99921834e-01 7.81660686e-05]
634 spam [0.39285678 0.60714322]
635 spam [0.03620593 0.96379407]
636 ham [9.99181174e-01 8.18826184e-04]
637 ham [9.99999295e-01 7.04953730e-07]
638 ham [0.95307118 0.04692882]
639 ham [9.99928542e-01 7.14578063e-05]
640 ham [0.99055738 0.00944262]
641 ham [9.99993448e-01 6.55206648e-06]
642 ham [9.99993591e-01 6.40924683e-06]
643 ham [0.99769177 0.00230823]
644 ham [0.98054884 0.01945116]
645 ham [9.99785176e-01 2.14824421e-04]
646 ham [0.99041533 0.00958467]
647 ham [9.99999954e-01 4.57101850e-08]
648 spam [0.01923074 0.98076926]
649 ham [0.94273893 0.05726107]
650 spam [0.09856035 0.90143965]
651 ham [0.97926577 0.02073423]
652 ham [9.99990373e-01 9.62669605e-06]
653 ham [9.99986846e-01 1.31540724e-05]
654 ham [9.99775796e-01 2.24203977e-04]
655 ham [9.99687256e-01 3.12743904e-04]
656 ham [0.9804906 0.0195094]
657 ham [9.99999999e-01 9.18272117e-10]
658 ham [9.99991081e-01 8.91872178e-06]
659 ham [9.99986985e-01 1.30153467e-05]
660 spam [0.07850477 0.92149523]
661 ham [9.99888201e-01 1.11799207e-04]
662 ham [0.74418315 0.25581685]
663 ham [9.99924961e-01 7.50391440e-05]
664 ham [0.98080144 0.01919856]
665 ham [0.98553782 0.01446218]
666 ham [0.84096309 0.15903691]
667 ham [9.99999759e-01 2.41118598e-07]
668 ham [0.95530487 0.04469513]
669 ham [0.98203932 0.01796068]
670 ham [0.98597071 0.01402929]
671 ham [0.6990995 0.3009005]
672 spam [0.28674241 0.71325759]
673 spam [0.0054112 0.9945888]
674 ham [1.00000000e+00 6.27716403e-11]
675 ham [9.99841104e-01 1.58895933e-04]
676 ham [9.99358463e-01 6.41536704e-04]
677 ham [9.99699163e-01 3.00836873e-04]
678 ham [9.99860378e-01 1.39622239e-04]
679 ham [0.90020162 0.09979838]
680 ham [9.99963868e-01 3.61323914e-05]
681 ham [0.99883823 0.00116177]
682 ham [0.75164631 0.24835369]
683 ham [0.98951947 0.01048053]
684 ham [9.99999686e-01 3.14040913e-07]
685 ham [9.99998832e-01 1.16776528e-06]
686 ham [0.99636559 0.00363441]
687 ham [0.93620607 0.06379393]
688 ham [9.99999999e-01 7.56507082e-10]
689 ham [0.9979164 0.0020836]
690 ham [0.96340221 0.03659779]
691 ham [0.88935941 0.11064059]
692 ham [9.99854207e-01 1.45792964e-04]
693 ham [9.99979212e-01 2.07880142e-05]
694 ham [0.99889701 0.00110299]
695 ham [9.99992958e-01 7.04186298e-06]
696 ham [0.95976598 0.04023402]
697 ham [0.99855393 0.00144607]
698 ham [9.99999673e-01 3.26917131e-07]
699 ham [0.99325794 0.00674206]
700 ham [0.93785376 0.06214624]
701 ham [0.9872072 0.0127928]
702 ham [0.96170064 0.03829936]
703 ham [0.99397587 0.00602413]
704 ham [9.99999813e-01 1.87169038e-07]
705 ham [9.99994830e-01 5.17006062e-06]
706 ham [9.99991049e-01 8.95118421e-06]
707 ham [0.9988737 0.0011263]
708 ham [9.99334328e-01 6.65672148e-04]
709 spam [0.01582432 0.98417568]
710 spam [1.58171147e-07 9.99999842e-01]
711 ham [9.99999864e-01 1.35869206e-07]
712 ham [1.0000000e+00 1.5333536e-15]
713 spam [0.3251956 0.6748044]
714 ham [9.99997702e-01 2.29849217e-06]
715 ham [0.99898452 0.00101548]
716 ham [9.99886555e-01 1.13444586e-04]
717 spam [0.20526005 0.79473995]
718 ham [9.9999167e-01 8.3302205e-06]
719 spam [3.13585165e-09 9.99999997e-01]
720 ham [9.99999999e-01 1.02510700e-09]
721 ham [0.99891688 0.00108312]
722 ham [0.9810721 0.0189279]
723 ham [0.90020162 0.09979838]
724 ham [0.96839203 0.03160797]
725 ham [1.00000000e+00 2.36083096e-14]
726 ham [0.97877241 0.02122759]
727 ham [1.00000000e+00 6.53667534e-14]
728 ham [0.9916725 0.0083275]
729 ham [0.9602855 0.0397145]
730 ham [0.9928864 0.0071136]
731 spam [0.34959403 0.65040597]
732 ham [0.99551877 0.00448123]
733 ham [9.99997187e-01 2.81339049e-06]
734 ham [9.99968918e-01 3.10824143e-05]
735 ham [9.99677708e-01 3.22292055e-04]
736 ham [9.99475709e-01 5.24290981e-04]
737 ham [0.98283445 0.01716555]
738 spam [0.23355421 0.76644579]
739 ham [9.99893862e-01 1.06137691e-04]
740 ham [9.99970924e-01 2.90758936e-05]
741 ham [9.99909330e-01 9.06702232e-05]
742 ham [9.99889393e-01 1.10606998e-04]
743 ham [1.00000000e+00 5.72658327e-15]
744 ham [0.80972072 0.19027928]
745 ham [0.98984751 0.01015249]
746 ham [9.99854842e-01 1.45158057e-04]
747 ham [9.99996727e-01 3.27304520e-06]
748 ham [9.99073838e-01 9.26161651e-04]
749 ham [9.99995713e-01 4.28731469e-06]
