0 spam [0.00142544 0.99857456]
1 ham [0.75615728 0.24384272]
2 spam [1.44785976e-26 1.00000000e+00]
3 ham [0.99645253 0.00354747]
4 ham [9.99998947e-01 1.05310204e-06]
5 spam [0.00174363 0.99825637]
6 ham [9.99923600e-01 7.63995159e-05]
7 ham [1.00000000e+00 1.80781298e-24]
8 spam [4.5806978e-26 1.0000000e+00]
9 spam [4.05234318e-27 1.00000000e+00]
10 ham [1.00000000e+00 5.62652855e-12]
11 spam [2.12041426e-19 1.00000000e+00]
12 spam [7.94971211e-29 1.00000000e+00]
13 ham [9.99999991e-01 8.71232840e-09]
14 spam [0.28363383 0.71636617]
15 spam [5.43990943e-12 1.00000000e+00]
16 ham [0.99874802 0.00125198]
17 ham [0.99751164 0.00248836]
18 ham [9.99877911e-01 1.22089457e-04]
19 spam [1.08475791e-16 1.00000000e+00]
20 ham [0.94836928 0.05163072]
21 spam [0.45263943 0.54736057]
22 ham [0.98296054 0.01703946]
23 ham [9.99999803e-01 1.96996091e-07]
24 ham [9.99983816e-01 1.61835878e-05]
25 ham [9.99999985e-01 1.52801833e-08]
26 ham [0.9763353 0.0236647]
27 ham [1.00000000e+00 5.28348022e-12]
28 ham [1.00000000e+00 5.63368013e-19]
29 ham [9.99152762e-01 8.47237817e-04]
30 ham [1.00000000e+00 2.17879242e-12]
31 ham [9.99999375e-01 6.24799812e-07]
32 ham [0.99480809 0.00519191]
33 ham [0.63696457 0.36303543]
34 spam [2.68972648e-10 1.00000000e+00]
35 ham [9.99999793e-01 2.07110828e-07]
36 ham [1.00000000e+00 8.11513688e-13]
37 ham [9.99928390e-01 7.16102544e-05]
38 ham [0.59962618 0.40037382]
39 ham [9.99999983e-01 1.68337229e-08]
40 ham [1.00000000e+00 3.06264704e-10]
41 ham [1.00000000e+00 4.34816962e-26]
42 spam [2.17471384e-19 1.00000000e+00]
43 spam [0.21306927 0.78693073]
44 ham [1.00000000e+00 4.48132404e-17]
45 ham [0.99789914 0.00210086]
46 ham [0.98741524 0.01258476]
47 ham [0.65922876 0.34077124]
48 ham [9.99999989e-01 1.14130313e-08]
49 ham [1.0000000e+00 3.1005352e-13]
50 ham [9.99999908e-01 9.16379576e-08]
51 ham [1.00000000e+00 2.32546063e-19]
52 ham [0.95413975 0.04586025]
53 ham [1.00000000e+00 4.54478255e-30]
54 spam [5.54707989e-13 1.00000000e+00]
55 ham [9.99979656e-01 2.03440718e-05]
56 spam [1.36982949e-45 1.00000000e+00]
57 ham [1.0000000e+00 6.4565067e-12]
58 ham [0.99746473 0.00253527]
59 spam [0.34508356 0.65491644]
60 ham [9.99947643e-01 5.23568018e-05]
61 spam [0.36275414 0.63724586]
62 ham [0.89513645 0.10486355]
63 ham [9.99999958e-01 4.18497880e-08]
64 ham [9.99985624e-01 1.43756762e-05]
65 spam [2.93965430e-05 9.99970603e-01]
66 ham [0.69680552 0.30319448]
67 spam [1.42351172e-23 1.00000000e+00]
68 ham [0.96341592 0.03658408]
69 ham [0.99559626 0.00440374]
70 spam [0.32748403 0.67251597]
71 ham [0.9964974 0.0035026]
72 spam [3.91117361e-04 9.99608883e-01]
73 ham [9.99852492e-01 1.47507734e-04]
74 ham [0.99762374 0.00237626]
75 ham [0.78329392 0.21670608]
76 ham [1.00000000e+00 1.58733225e-10]
77 ham [9.99975762e-01 2.42381682e-05]
78 ham [1.00000000e+00 1.31648176e-11]
79 ham [9.99996556e-01 3.44408756e-06]
80 ham [1.00000000e+00 5.29286102e-12]
81 ham [9.99994034e-01 5.96575914e-06]
82 ham [1.0000000e+00 2.3508723e-10]
83 ham [9.99999997e-01 3.29725584e-09]
84 ham [0.56476462 0.43523538]
85 ham [9.99898249e-01 1.01750758e-04]
86 ham [9.99999987e-01 1.32237056e-08]
87 ham [9.99999974e-01 2.63384595e-08]
88 ham [9.99997623e-01 2.37712273e-06]
89 spam [0.01857732 0.98142268]
90 spam [9.02421273e-04 9.99097579e-01]
91 ham [1.00000000e+00 1.49901041e-13]
92 spam [0.01257655 0.98742345]
93 spam [3.29041711e-32 1.00000000e+00]
94 ham [9.99764139e-01 2.35860983e-04]
95 spam [1.42634644e-15 1.00000000e+00]
96 spam [0.12322564 0.87677436]
97 ham [9.99988433e-01 1.15671747e-05]
98 ham [9.99901511e-01 9.84890372e-05]
99 ham [9.99371677e-01 6.28323317e-04]
100 ham [9.99989011e-01 1.09892949e-05]
101 ham [0.89694462 0.10305538]
102 ham [9.99852069e-01 1.47931492e-04]
103 ham [1.00000000e+00 1.78038771e-12]
104 ham [9.99999845e-01 1.55469454e-07]
105 ham [9.99660495e-01 3.39504891e-04]
106 ham [0.75559793 0.24440207]
107 ham [9.99999998e-01 1.60884049e-09]
108 ham [0.99758606 0.00241394]
109 ham [9.99962179e-01 3.78208138e-05]
110 ham [9.99361519e-01 6.38480866e-04]
111 ham [0.99840072 0.00159928]
112 spam [0.30837912 0.69162088]
113 ham [1.00000000e+00 2.84700374e-10]
114 spam [9.36418122e-48 1.00000000e+00]
115 ham [0.93186415 0.06813585]
116 ham [1.00000000e+00 7.18941683e-25]
117 spam [3.90182047e-32 1.00000000e+00]
118 spam [2.37858475e-04 9.99762142e-01]
119 ham [9.99496498e-01 5.03501764e-04]
120 spam [1.66370994e-23 1.00000000e+00]
121 spam [1.06775364e-30 1.00000000e+00]
122 ham [0.98956505 0.01043495]
123 spam [1.50798067e-16 1.00000000e+00]
124 ham [9.99971839e-01 2.81606006e-05]
125 ham [0.89713483 0.10286517]
126 ham [0.90159468 0.09840532]
127 ham [1.00000000e+00 1.31857482e-21]
128 ham [9.99780095e-01 2.19905265e-04]
129 spam [5.80218064e-13 1.00000000e+00]
130 ham [9.99762267e-01 2.37733128e-04]
131 ham [9.99447868e-01 5.52131661e-04]
132 spam [0.49422924 0.50577076]
133 ham [0.91571803 0.08428197]
134 spam [3.46301449e-10 1.00000000e+00]
135 spam [2.51964018e-37 1.00000000e+00]
136 spam [0.21732058 0.78267942]
137 ham [9.99700609e-01 2.99391377e-04]
138 ham [9.99884035e-01 1.15964555e-04]
139 spam [2.87002017e-09 9.99999997e-01]
140 ham [9.99999999e-01 9.05736605e-10]
141 ham [1.00000000e+00 4.35573976e-11]
142 ham [0.57339879 0.42660121]
143 spam [0.00176818 0.99823182]
144 ham [9.99999892e-01 1.08480103e-07]
145 ham [0.98866971 0.01133029]
146 spam [0.03296233 0.96703767]
147 spam [0.00874531 0.99125469]
148 spam [0.05222925 0.94777075]
149 ham [0.92745645 0.07254355]
150 ham [0.99743112 0.00256888]
151 ham [9.99994796e-01 5.20351392e-06]
152 ham [0.99753471 0.00246529]
153 spam [0.03002356 0.96997644]
154 ham [1.00000000e+00 1.78038771e-12]
155 ham [1.00000000e+00 4.81637078e-21]
156 ham [0.99317012 0.00682988]
157 ham [9.99856989e-01 1.43010700e-04]
158 ham [1.00000000e+00 5.13239702e-23]
159 spam [4.44464097e-10 1.00000000e+00]
160 spam [2.52453497e-32 1.00000000e+00]
161 ham [1.00000000e+00 1.09176572e-17]
162 ham [0.96960006 0.03039994]
163 ham [1.00000000e+00 8.30589696e-13]
164 spam [3.56585158e-21 1.00000000e+00]
165 spam [2.30979291e-09 9.99999998e-01]
166 ham [0.86103779 0.13896221]
167 spam [2.68886137e-39 1.00000000e+00]
168 spam [0.01654296 0.98345704]
169 ham [0.98988091 0.01011909]
170 ham [0.52461854 0.47538146]
171 ham [0.99898314 0.00101686]
172 spam [0.36367358 0.63632642]
173 ham [9.99954333e-01 4.56666791e-05]
174 ham [0.55405136 0.44594864]
175 ham [1.00000000e+00 2.55815063e-10]
176 ham [1.00000000e+00 2.02222978e-12]
177 ham [0.99747389 0.00252611]
178 ham [1.00000000e+00 4.22231533e-24]
179 ham [9.99999432e-01 5.67546104e-07]
180 spam [0.04778853 0.95221147]
181 ham [9.99999999e-01 5.03977022e-10]
182 ham [0.98807858 0.01192142]
183 ham [1.00000000e+00 1.53757715e-11]
184 ham [0.98425506 0.01574494]
185 ham [0.61404688 0.38595312]
186 ham [9.99990341e-01 9.65929170e-06]
187 ham [9.99535947e-01 4.64053439e-04]
188 spam [1.54241848e-30 1.00000000e+00]
189 ham [9.99998364e-01 1.63613220e-06]
190 ham [9.99999957e-01 4.33629168e-08]
191 spam [6.32038511e-07 9.99999368e-01]
192 ham [1.00000000e+00 6.64414153e-19]
193 ham [0.82716413 0.17283587]
194 ham [0.8618741 0.1381259]
195 ham [9.99999997e-01 2.60261033e-09]
196 ham [9.99808231e-01 1.91768746e-04]
197 ham [9.99999533e-01 4.67145014e-07]
198 ham [0.66631071 0.33368929]
199 ham [1.00000000e+00 6.36411969e-13]
200 ham [1.00000000e+00 1.31998984e-10]
201 ham [1.00000000e+00 2.46716472e-11]
202 ham [9.99978823e-01 2.11774879e-05]
203 ham [1.00000000e+00 7.10358693e-12]
204 spam [0.37960345 0.62039655]
205 ham [0.94309132 0.05690868]
206 ham [0.99403926 0.00596074]
207 ham [1.00000000e+00 1.08681733e-24]
208 spam [0.04581281 0.95418719]
209 ham [9.99507806e-01 4.92194377e-04]
210 ham [0.99421904 0.00578096]
211 ham [9.99999996e-01 3.96104805e-09]
212 ham [9.99712145e-01 2.87854820e-04]
213 ham [0.66367114 0.33632886]
214 ham [0.71617649 0.28382351]
215 ham [9.99532827e-01 4.67172715e-04]
216 spam [0.01087928 0.98912072]
217 ham [0.99807262 0.00192738]
218 spam [0.19449791 0.80550209]
219 ham [9.99794716e-01 2.05284149e-04]
220 ham [1.00000000e+00 1.55482888e-19]
221 ham [0.96173384 0.03826616]
222 spam [0.44574415 0.55425585]
223 ham [1.00000000e+00 4.14778081e-12]
224 ham [9.99710299e-01 2.89700562e-04]
225 spam [5.8511082e-24 1.0000000e+00]
226 ham [9.99996288e-01 3.71164655e-06]
227 spam [3.92179685e-12 1.00000000e+00]
228 spam [0.13796174 0.86203826]
229 spam [0.48409273 0.51590727]
230 ham [9.99897755e-01 1.02244774e-04]
231 ham [9.99994592e-01 5.40756560e-06]
232 ham [0.99645457 0.00354543]
233 ham [9.99902760e-01 9.72403734e-05]
234 ham [0.61297796 0.38702204]
235 spam [7.8529018e-14 1.0000000e+00]
236 ham [1.00000000e+00 2.11490284e-13]
237 ham [9.99948054e-01 5.19459275e-05]
238 ham [0.99335828 0.00664172]
239 ham [9.99997571e-01 2.42938905e-06]
240 spam [4.83898747e-06 9.99995161e-01]
241 ham [0.99718323 0.00281677]
242 spam [0.01393868 0.98606132]
243 ham [0.97533441 0.02466559]
244 ham [1.00000000e+00 2.09054238e-12]
245 ham [9.99766002e-01 2.33998082e-04]
246 ham [1.0000000e+00 5.2822941e-13]
247 ham [0.98281552 0.01718448]
248 spam [0.06863087 0.93136913]
249 ham [9.99951695e-01 4.83054202e-05]
250 spam [4.44571555e-45 1.00000000e+00]
251 spam [0.00621865 0.99378135]
252 spam [2.75520616e-04 9.99724479e-01]
253 ham [9.99996944e-01 3.05554209e-06]
254 spam [0.0053688 0.9946312]
255 ham [1.00000000e+00 8.89801577e-11]
256 ham [9.99995424e-01 4.57594662e-06]
257 ham [0.90800943 0.09199057]
258 ham [1.00000000e+00 2.06430987e-10]
259 spam [2.84058907e-23 1.00000000e+00]
260 ham [9.99640631e-01 3.59368518e-04]
261 ham [0.95115916 0.04884084]
262 ham [9.99999961e-01 3.89608708e-08]
263 spam [1.20072057e-05 9.99987993e-01]
264 spam [2.65070306e-04 9.99734930e-01]
265 ham [0.95969766 0.04030234]
266 spam [0.04681849 0.95318151]
267 ham [0.99798657 0.00201343]
268 spam [3.64647595e-26 1.00000000e+00]
269 ham [0.99122003 0.00877997]
270 spam [6.85517927e-12 1.00000000e+00]
271 spam [0.0297551 0.9702449]
272 spam [0.01786613 0.98213387]
273 spam [3.66405967e-15 1.00000000e+00]
274 ham [0.99857502 0.00142498]
275 ham [0.94540888 0.05459112]
276 ham [0.79570714 0.20429286]
277 ham [0.7098794 0.2901206]
278 ham [1.0000000e+00 1.4569467e-11]
279 ham [9.9999079e-01 9.2096847e-06]
280 spam [0.07331068 0.92668932]
281 ham [0.95272416 0.04727584]
282 ham [0.72738674 0.27261326]
283 ham [9.99363831e-01 6.36168661e-04]
284 ham [0.79570714 0.20429286]
285 ham [1.00000000e+00 4.60702429e-16]
286 ham [9.99999531e-01 4.68931972e-07]
287 ham [0.79570714 0.20429286]
288 ham [9.99999958e-01 4.17758415e-08]
289 ham [1.0000000e+00 2.1376186e-10]
290 spam [6.79195650e-04 9.99320804e-01]
291 ham [0.56819379 0.43180621]
292 ham [0.98280683 0.01719317]
293 ham [0.96172902 0.03827098]
294 ham [9.99404953e-01 5.95047233e-04]
295 spam [0.44229329 0.55770671]
296 spam [3.73565962e-35 1.00000000e+00]
297 ham [0.85060967 0.14939033]
298 ham [9.99999958e-01 4.19627021e-08]
299 ham [0.97611082 0.02388918]
300 ham [9.99929918e-01 7.00816033e-05]
301 ham [9.99991878e-01 8.12170653e-06]
302 ham [0.98894942 0.01105058]
303 ham [9.99091637e-01 9.08363160e-04]
304 ham [0.99358376 0.00641624]
305 spam [2.70452359e-20 1.00000000e+00]
306 ham [9.99985097e-01 1.49031509e-05]
307 ham [0.99450204 0.00549796]
308 ham [0.9477584 0.0522416]
309 spam [8.66838127e-11 1.00000000e+00]
310 ham [0.93061824 0.06938176]
311 spam [3.95002377e-09 9.99999996e-01]
312 spam [2.31182757e-20 1.00000000e+00]
313 ham [1.00000000e+00 1.13226646e-14]
314 ham [9.99999554e-01 4.45983049e-07]
315 ham [9.99999995e-01 4.73869727e-09]
316 spam [0.44690376 0.55309624]
317 spam [0.33760487 0.66239513]
318 ham [9.99482034e-01 5.17966119e-04]
319 spam [1.06930659e-29 1.00000000e+00]
320 ham [0.99458122 0.00541878]
321 ham [0.99709346 0.00290654]
322 ham [0.99690247 0.00309753]
323 spam [9.31583985e-05 9.99906842e-01]
324 ham [9.99992737e-01 7.26343019e-06]
325 ham [9.99999865e-01 1.34609412e-07]
326 ham [0.99868106 0.00131894]
327 ham [0.77646794 0.22353206]
328 ham [9.99997931e-01 2.06930353e-06]
329 ham [9.99999954e-01 4.58200536e-08]
330 ham [9.99999999e-01 5.99295341e-10]
331 spam [0.04356031 0.95643969]
332 ham [0.96868844 0.03131156]
333 spam [1.14019627e-13 1.00000000e+00]
334 spam [0.00589854 0.99410146]
335 spam [1.0059719e-13 1.0000000e+00]
336 ham [9.99995248e-01 4.75207603e-06]
337 ham [0.99457959 0.00542041]
338 ham [0.57153441 0.42846559]
339 ham [1.00000000e+00 1.31124321e-11]
340 spam [0.02539702 0.97460298]
341 ham [9.9932478e-01 6.7521958e-04]
342 ham [0.96552687 0.03447313]
343 ham [0.7079192 0.2920808]
344 ham [9.99850568e-01 1.49432427e-04]
345 ham [0.7873349 0.2126651]
346 ham [9.99702190e-01 2.97809897e-04]
347 ham [0.99258474 0.00741526]
348 spam [0.14714721 0.85285279]
349 spam [1.50434769e-12 1.00000000e+00]
350 ham [9.99999751e-01 2.49312817e-07]
351 ham [9.99999963e-01 3.74521796e-08]
352 ham [1.00000000e+00 7.87757851e-14]
353 ham [9.99775981e-01 2.24018748e-04]
354 ham [0.99895044 0.00104956]
355 ham [9.99999885e-01 1.14537705e-07]
356 spam [0.00631238 0.99368762]
357 spam [3.58383019e-45 1.00000000e+00]
358 spam [1.29354722e-19 1.00000000e+00]
359 ham [1.000000e+00 2.270482e-12]
360 ham [9.99838048e-01 1.61951852e-04]
361 spam [0.04883587 0.95116413]
362 ham [0.97028254 0.02971746]
363 ham [0.62639077 0.37360923]
364 ham [0.99114438 0.00885562]
365 ham [1.00000000e+00 4.45063139e-19]
366 ham [9.99999835e-01 1.64585136e-07]
367 spam [1.21965619e-22 1.00000000e+00]
368 spam [1.26312189e-17 1.00000000e+00]
369 spam [0.3265096 0.6734904]
370 ham [9.99999995e-01 4.58200555e-09]
371 ham [1.00000000e+00 1.05031364e-21]
372 ham [9.99999579e-01 4.20875427e-07]
373 ham [1.00000000e+00 7.17008392e-16]
374 ham [1.00000000e+00 1.38711815e-20]
375 spam [2.01767293e-08 9.99999980e-01]
376 ham [0.99853078 0.00146922]
377 ham [0.67414029 0.32585971]
378 ham [0.7074879 0.2925121]
379 ham [0.97039769 0.02960231]
380 ham [9.99961435e-01 3.85652038e-05]
381 ham [1.00000000e+00 2.90652851e-19]
382 ham [9.99048703e-01 9.51297280e-04]
383 ham [0.89464154 0.10535846]
384 ham [9.99953227e-01 4.67728105e-05]
385 spam [2.79782312e-15 1.00000000e+00]
386 spam [0.44278284 0.55721716]
387 ham [0.99824387 0.00175613]
388 ham [9.99882866e-01 1.17134281e-04]
389 spam [5.818761e-36 1.000000e+00]
390 ham [0.99192497 0.00807503]
391 ham [0.91076895 0.08923105]
392 ham [0.96243029 0.03756971]
393 ham [9.99604396e-01 3.95603518e-04]
394 ham [1.00000000e+00 1.44435348e-15]
395 ham [0.97845532 0.02154468]
396 spam [0.00478535 0.99521465]
397 ham [9.99330520e-01 6.69479707e-04]
398 ham [9.99996962e-01 3.03841172e-06]
399 spam [0.12329158 0.87670842]
400 spam [0.018282 0.981718]
401 spam [7.05289599e-18 1.00000000e+00]
402 ham [9.99935368e-01 6.46315906e-05]
403 spam [0.46846807 0.53153193]
404 ham [9.99968095e-01 3.19050184e-05]
405 ham [1.00000000e+00 8.91040866e-11]
406 ham [9.99881877e-01 1.18123197e-04]
407 ham [0.99563381 0.00436619]
408 spam [0.31174452 0.68825548]
409 ham [0.65804528 0.34195472]
410 spam [2.94997029e-10 1.00000000e+00]
411 ham [9.99683822e-01 3.16178398e-04]
412 ham [9.99921570e-01 7.84299016e-05]
413 spam [0.04217636 0.95782364]
414 ham [0.78501876 0.21498124]
415 spam [5.94463200e-06 9.99994055e-01]
416 ham [0.97992348 0.02007652]
417 ham [0.9974536 0.0025464]
418 spam [2.7626855e-21 1.0000000e+00]
419 ham [9.99999999e-01 1.01755742e-09]
420 spam [1.7641734e-21 1.0000000e+00]
421 ham [0.96236559 0.03763441]
422 spam [1.51985398e-12 1.00000000e+00]
423 spam [0.38242424 0.61757576]
424 spam [6.61660156e-28 1.00000000e+00]
425 ham [9.99999560e-01 4.40430692e-07]
426 ham [9.99999673e-01 3.26803738e-07]
427 ham [0.99758099 0.00241901]
428 spam [0.02837786 0.97162214]
429 ham [9.99907848e-01 9.21522992e-05]
430 ham [1.00000000e+00 1.46140113e-12]
431 ham [0.98935593 0.01064407]
432 spam [0.04530762 0.95469238]
433 spam [1.78200882e-21 1.00000000e+00]
434 spam [0.20253685 0.79746315]
435 ham [1.00000000e+00 2.53661059e-13]
436 ham [1.00000000e+00 4.81194284e-25]
437 ham [9.99983340e-01 1.66595563e-05]
438 ham [0.9906063 0.0093937]
439 spam [0.11325265 0.88674735]
440 ham [1.00000000e+00 1.66402989e-10]
441 spam [0.06900625 0.93099375]
442 ham [0.9578876 0.0421124]
443 ham [9.99999994e-01 6.16314794e-09]
444 ham [1.0000000e+00 1.9741408e-11]
445 spam [1.95204346e-08 9.99999980e-01]
446 ham [1.00000000e+00 1.46274606e-10]
447 ham [0.52119734 0.47880266]
448 ham [9.99999921e-01 7.91896323e-08]
449 ham [0.99689965 0.00310035]
450 ham [0.57411084 0.42588916]
451 ham [0.51831949 0.48168051]
452 ham [9.99999967e-01 3.33372662e-08]
453 ham [0.86003285 0.13996715]
454 ham [9.99999451e-01 5.48887451e-07]
455 spam [6.88346112e-13 1.00000000e+00]
456 ham [0.99888693 0.00111307]
457 spam [2.08345465e-06 9.99997917e-01]
458 ham [9.99996359e-01 3.64129363e-06]
459 spam [0.05414996 0.94585004]
460 ham [0.95266639 0.04733361]
461 ham [9.99721130e-01 2.78869732e-04]
462 spam [0.01991697 0.98008303]
463 spam [1.29062429e-31 1.00000000e+00]
464 ham [1.00000000e+00 4.07227608e-11]
465 ham [9.99999954e-01 4.56342664e-08]
466 ham [1.00000000e+00 4.12166737e-14]
467 ham [9.99673232e-01 3.26767785e-04]
468 ham [9.99898815e-01 1.01185471e-04]
469 ham [9.99944831e-01 5.51694089e-05]
470 ham [0.96525577 0.03474423]
471 spam [3.38105778e-17 1.00000000e+00]
472 ham [0.97341555 0.02658445]
473 ham [1.00000000e+00 5.17805303e-22]
474 spam [2.78982797e-37 1.00000000e+00]
475 spam [0.00446192 0.99553808]
476 ham [9.99999127e-01 8.72988357e-07]
477 ham [0.80806473 0.19193527]
478 spam [0.02472146 0.97527854]
479 ham [9.99999999e-01 1.12256294e-09]
480 ham [9.99749279e-01 2.50720898e-04]
481 ham [0.99848159 0.00151841]
482 ham [9.99987031e-01 1.29691818e-05]
483 ham [0.93467644 0.06532356]
484 ham [9.9985742e-01 1.4258036e-04]
485 spam [0.01474995 0.98525005]
486 ham [0.80367664 0.19632336]
487 spam [7.02345832e-20 1.00000000e+00]
488 ham [0.99516353 0.00483647]
489 ham [0.80640297 0.19359703]
490 ham [9.99998124e-01 1.87609101e-06]
491 ham [9.99999992e-01 7.93022709e-09]
492 spam [1.08861271e-45 1.00000000e+00]
493 ham [9.99999893e-01 1.07244662e-07]
494 ham [1.00000000e+00 1.91021433e-11]
495 ham [0.99527479 0.00472521]
496 spam [0.43734433 0.56265567]
497 ham [9.99247441e-01 7.52558825e-04]
498 ham [0.99688386 0.00311614]
499 spam [0.03382948 0.96617052]
500 ham [9.99474490e-01 5.25510075e-04]
501 spam [7.40927522e-04 9.99259072e-01]
502 ham [0.9966714 0.0033286]
503 spam [0.35497336 0.64502664]
504 spam [0.25850558 0.74149442]
505 spam [3.23319682e-21 1.00000000e+00]
506 ham [9.99970536e-01 2.94640920e-05]
507 spam [0.40530475 0.59469525]
508 ham [1.00000000e+00 9.78552466e-13]
509 ham [0.95590001 0.04409999]
510 spam [7.66368088e-10 9.99999999e-01]
511 ham [9.99999002e-01 9.98414635e-07]
512 ham [9.99488249e-01 5.11750772e-04]
513 ham [0.96296113 0.03703887]
514 spam [0.08383183 0.91616817]
515 spam [7.52334293e-25 1.00000000e+00]
516 spam [0.03571406 0.96428594]
517 spam [3.31721296e-19 1.00000000e+00]
518 spam [9.37027526e-10 9.99999999e-01]
519 ham [9.99999515e-01 4.84966439e-07]
520 ham [9.99978017e-01 2.19833633e-05]
521 ham [0.98988696 0.01011304]
522 ham [9.99874933e-01 1.25067364e-04]
523 ham [0.96807531 0.03192469]
524 ham [0.90134248 0.09865752]
525 spam [2.08035713e-30 1.00000000e+00]
526 ham [9.99620759e-01 3.79241004e-04]
527 spam [2.02631308e-17 1.00000000e+00]
528 ham [0.99626649 0.00373351]
529 spam [4.73310302e-07 9.99999527e-01]
530 ham [0.99748941 0.00251059]
531 spam [4.29379952e-35 1.00000000e+00]
532 spam [0.02853527 0.97146473]
533 ham [9.99705355e-01 2.94645163e-04]
534 ham [9.99986357e-01 1.36432787e-05]
535 ham [1.00000000e+00 4.68269782e-20]
536 ham [1.00000000e+00 4.27518028e-16]
537 ham [9.99990358e-01 9.64181582e-06]
538 ham [9.99854312e-01 1.45687521e-04]
539 ham [0.87835485 0.12164515]
540 ham [9.99883457e-01 1.16542662e-04]
541 spam [2.54578485e-16 1.00000000e+00]
542 spam [4.28731652e-05 9.99957127e-01]
543 ham [9.99992576e-01 7.42436230e-06]
544 spam [0.02519074 0.97480926]
545 ham [0.99754773 0.00245227]
546 ham [0.65321288 0.34678712]
547 ham [1.0000000e+00 1.6869932e-18]
548 ham [0.96735441 0.03264559]
549 ham [1.00000000e+00 7.35221423e-11]
550 ham [1.00000000e+00 9.05302498e-12]
551 ham [9.99999745e-01 2.54515441e-07]
552 ham [0.99871108 0.00128892]
553 ham [0.61513457 0.38486543]
554 ham [1.00000000e+00 3.91312372e-11]
555 spam [0.00912268 0.99087732]
556 spam [0.02667738 0.97332262]
557 ham [0.93038984 0.06961016]
558 ham [9.99999709e-01 2.91087306e-07]
559 ham [9.99999977e-01 2.32684799e-08]
560 spam [0.08149185 0.91850815]
561 ham [9.99837063e-01 1.62937489e-04]
562 ham [0.99585297 0.00414703]
563 ham [9.99999998e-01 1.79282544e-09]
564 spam [5.4164811e-47 1.0000000e+00]
565 ham [1.00000000e+00 1.15563242e-29]
566 spam [0.00769522 0.99230478]
567 spam [0.44601264 0.55398736]
568 ham [1.00000000e+00 3.67757379e-17]
569 ham [9.99994480e-01 5.52016205e-06]
570 spam [0.13525767 0.86474233]
571 ham [9.99997375e-01 2.62523492e-06]
572 ham [9.99996289e-01 3.71123642e-06]
573 ham [0.99352477 0.00647523]
574 ham [0.88897901 0.11102099]
575 ham [0.68317886 0.31682114]
576 spam [1.89094068e-24 1.00000000e+00]
577 ham [1.00000000e+00 1.87297695e-13]
578 ham [9.99962846e-01 3.71543488e-05]
579 spam [8.13384793e-11 1.00000000e+00]
580 spam [0.03383803 0.96616197]
581 ham [0.92647549 0.07352451]
582 ham [9.99997423e-01 2.57722034e-06]
583 spam [3.21870746e-21 1.00000000e+00]
584 ham [9.99995442e-01 4.55762251e-06]
585 ham [0.99862649 0.00137351]
586 ham [9.99524133e-01 4.75866824e-04]
587 ham [0.87540489 0.12459511]
588 spam [0.01966668 0.98033332]
589 spam [0.29886196 0.70113804]
590 ham [9.99996149e-01 3.85093766e-06]
591 spam [1.95475095e-23 1.00000000e+00]
592 spam [1.05343607e-25 1.00000000e+00]
593 spam [6.8180205e-29 1.0000000e+00]
594 ham [0.75407072 0.24592928]
595 spam [0.00524668 0.99475332]
596 ham [9.99999585e-01 4.14862179e-07]
597 ham [9.99948427e-01 5.15726892e-05]
598 spam [4.57181625e-10 1.00000000e+00]
599 spam [0.27598337 0.72401663]
600 ham [9.99999115e-01 8.85066747e-07]
601 spam [5.01044934e-06 9.99994990e-01]
602 ham [1.00000000e+00 3.82534187e-10]
603 spam [0.44613972 0.55386028]
604 ham [9.99991880e-01 8.11987659e-06]
605 ham [0.87734133 0.12265867]
606 spam [0.10574372 0.89425628]
607 spam [3.95388891e-11 1.00000000e+00]
608 ham [9.99999773e-01 2.26953149e-07]
609 ham [0.8106253 0.1893747]
610 ham [0.99716138 0.00283862]
611 spam [3.69458355e-13 1.00000000e+00]
612 ham [0.85724444 0.14275556]
613 ham [0.99586637 0.00413363]
614 spam [1.64416722e-12 1.00000000e+00]
615 ham [0.97592328 0.02407672]
616 ham [9.99988828e-01 1.11717251e-05]
617 ham [9.99989738e-01 1.02622714e-05]
618 ham [0.78439754 0.21560246]
619 ham [0.87184805 0.12815195]
620 spam [0.00370704 0.99629296]
621 ham [1.00000000e+00 5.34800584e-14]
622 ham [0.95021862 0.04978138]
623 spam [1.18663588e-07 9.99999881e-01]
624 ham [9.99809362e-01 1.90638260e-04]
625 ham [9.99946876e-01 5.31237637e-05]
626 ham [9.99934505e-01 6.54954293e-05]
627 ham [0.99870245 0.00129755]
628 ham [9.99999817e-01 1.83088191e-07]
629 spam [5.89268366e-12 1.00000000e+00]
630 spam [1.76172734e-16 1.00000000e+00]
631 ham [9.99930115e-01 6.98849431e-05]
632 ham [0.81554163 0.18445837]
633 ham [9.99999072e-01 9.27792528e-07]
634 spam [0.07376349 0.92623651]
635 spam [2.08313512e-24 1.00000000e+00]
636 ham [0.95645409 0.04354591]
637 ham [9.99995597e-01 4.40341092e-06]
638 ham [0.90861262 0.09138738]
639 ham [9.99202483e-01 7.97517047e-04]
640 ham [0.98669513 0.01330487]
641 ham [1.00000000e+00 7.51121698e-16]
642 ham [9.99963512e-01 3.64880474e-05]
643 ham [0.99669542 0.00330458]
644 ham [0.99500119 0.00499881]
645 spam [0.39360821 0.60639179]
646 ham [9.99594030e-01 4.05969606e-04]
647 ham [1.00000000e+00 2.60204405e-10]
648 spam [2.41217905e-28 1.00000000e+00]
649 ham [9.99277693e-01 7.22306616e-04]
650 spam [4.07961741e-36 1.00000000e+00]
651 spam [0.03764638 0.96235362]
652 ham [9.99999999e-01 5.80453874e-10]
653 ham [9.99998445e-01 1.55451805e-06]
654 ham [9.99551888e-01 4.48111823e-04]
655 ham [9.99998435e-01 1.56542374e-06]
656 ham [0.90139906 0.09860094]
657 ham [9.99722447e-01 2.77553209e-04]
658 ham [9.99999995e-01 5.00470466e-09]
659 ham [9.99157617e-01 8.42383134e-04]
660 spam [0.0021983 0.9978017]
661 spam [2.11600935e-06 9.99997884e-01]
662 ham [0.70981022 0.29018978]
663 ham [0.99345345 0.00654655]
664 spam [0.08604698 0.91395302]
665 ham [0.56059001 0.43940999]
666 spam [9.44713876e-04 9.99055286e-01]
667 ham [1.00000000e+00 6.48667685e-12]
668 ham [9.99999662e-01 3.37514180e-07]
669 ham [0.99759687 0.00240313]
670 ham [0.95291922 0.04708078]
671 spam [0.00456703 0.99543297]
672 spam [1.8759006e-12 1.0000000e+00]
673 spam [3.82419283e-20 1.00000000e+00]
674 ham [1.00000000e+00 1.08077554e-18]
675 ham [1.00000000e+00 2.79704403e-18]
676 ham [9.99778942e-01 2.21058263e-04]
677 spam [0.03036899 0.96963101]
678 ham [1.00000000e+00 2.95832179e-11]
679 ham [9.99933572e-01 6.64281802e-05]
680 ham [1.00000000e+00 3.08840295e-11]
681 ham [0.95537022 0.04462978]
682 ham [0.53604122 0.46395878]
683 ham [0.92687473 0.07312527]
684 ham [9.99999999e-01 5.44166474e-10]
685 ham [9.99999995e-01 4.93263361e-09]
686 ham [0.99280657 0.00719343]
687 spam [8.93596573e-05 9.99910640e-01]
688 ham [0.92918123 0.07081877]
689 ham [0.99570048 0.00429952]
690 spam [8.78625314e-04 9.99121375e-01]
691 ham [0.61156143 0.38843857]
692 spam [0.00156089 0.99843911]
693 ham [9.99999953e-01 4.67415961e-08]
694 ham [0.99628647 0.00371353]
695 ham [0.99814204 0.00185796]
696 ham [9.99944192e-01 5.58078553e-05]
697 ham [0.93527381 0.06472619]
698 ham [9.99998453e-01 1.54719854e-06]
699 ham [0.97534269 0.02465731]
700 spam [0.00967277 0.99032723]
701 ham [0.99887011 0.00112989]
702 ham [1.00000000e+00 5.20301729e-12]
703 ham [0.92325286 0.07674714]
704 ham [9.99998645e-01 1.35453471e-06]
705 ham [0.99783766 0.00216234]
706 ham [9.99999999e-01 7.16493429e-10]
707 ham [9.99631542e-01 3.68458219e-04]
708 ham [0.9100558 0.0899442]
709 spam [9.80773187e-17 1.00000000e+00]
710 spam [1.30886977e-41 1.00000000e+00]
711 spam [1.88797952e-08 9.99999981e-01]
712 ham [1.00000000e+00 1.18851727e-12]
713 spam [8.65253078e-07 9.99999135e-01]
714 ham [0.99813107 0.00186893]
715 ham [9.99998835e-01 1.16456663e-06]
716 ham [9.99996344e-01 3.65570298e-06]
717 spam [1.34850288e-24 1.00000000e+00]
718 ham [1.00000000e+00 7.13626478e-13]
719 spam [5.63392974e-35 1.00000000e+00]
720 ham [9.99428893e-01 5.71107054e-04]
721 ham [0.97541136 0.02458864]
722 ham [0.63678264 0.36321736]
723 ham [0.57966061 0.42033939]
724 ham [0.68412585 0.31587415]
725 ham [9.99999996e-01 3.84871937e-09]
726 spam [0.09210143 0.90789857]
727 ham [1.00000000e+00 5.68197773e-15]
728 ham [0.60591761 0.39408239]
729 spam [0.25099241 0.74900759]
730 ham [0.99555666 0.00444334]
731 spam [9.02779962e-07 9.99999097e-01]
732 ham [0.99363279 0.00636721]
733 ham [9.99999825e-01 1.75031136e-07]
734 spam [0.01570725 0.98429275]
735 spam [0.01499334 0.98500666]
736 ham [9.99767336e-01 2.32663763e-04]
737 ham [9.99932949e-01 6.70510572e-05]
738 spam [4.22472613e-25 1.00000000e+00]
739 ham [0.99894686 0.00105314]
740 spam [0.10293967 0.89706033]
741 ham [9.99997812e-01 2.18786186e-06]
742 ham [0.98959728 0.01040272]
743 ham [1.00000000e+00 4.45057734e-14]
744 spam [0.38917387 0.61082613]
745 spam [0.06555565 0.93444435]
746 ham [0.98754679 0.01245321]
747 ham [1.00000000e+00 1.14674528e-10]
748 spam [3.91807612e-07 9.99999608e-01]
749 ham [9.99999973e-01 2.74715368e-08]
