0 spam [0.01621088 0.98378912]
1 spam [0.40484437 0.59515563]
2 spam [1.20044237e-25 1.00000000e+00]
3 ham [0.99625177 0.00374823]
4 ham [9.99967258e-01 3.27423183e-05]
5 spam [0.00846419 0.99153581]
6 ham [9.99769058e-01 2.30942430e-04]
7 ham [1.00000000e+00 1.60471124e-22]
8 spam [1.95756443e-24 1.00000000e+00]
9 spam [1.11113027e-24 1.00000000e+00]
10 ham [1.00000000e+00 1.72804134e-13]
11 spam [2.91809707e-18 1.00000000e+00]
12 spam [4.10589664e-28 1.00000000e+00]
13 ham [9.99999994e-01 6.15539225e-09]
14 ham [0.50241838 0.49758162]
15 spam [4.75135605e-10 1.00000000e+00]
16 ham [9.99885136e-01 1.14864020e-04]
17 ham [0.93987544 0.06012456]
18 ham [9.99908731e-01 9.12689178e-05]
19 spam [3.24409451e-16 1.00000000e+00]
20 ham [0.94546709 0.05453291]
21 ham [0.59860876 0.40139124]
22 ham [0.51607621 0.48392379]
23 ham [9.99999905e-01 9.52488433e-08]
24 ham [9.99767358e-01 2.32642433e-04]
25 ham [9.99998166e-01 1.83373881e-06]
26 ham [0.92330578 0.07669422]
27 ham [1.00000000e+00 9.42062165e-11]
28 ham [1.00000000e+00 5.16388055e-20]
29 ham [0.65260987 0.34739013]
30 ham [1.00000000e+00 1.10749184e-12]
31 ham [9.99998746e-01 1.25361089e-06]
32 ham [0.99729749 0.00270251]
33 ham [0.93814161 0.06185839]
34 spam [2.20526065e-07 9.99999779e-01]
35 ham [9.99999687e-01 3.12775041e-07]
36 ham [1.00000000e+00 2.82316201e-13]
37 ham [9.99318059e-01 6.81940812e-04]
38 ham [0.61480006 0.38519994]
39 ham [9.99999793e-01 2.06602296e-07]
40 ham [9.99999933e-01 6.73088689e-08]
41 ham [1.00000000e+00 7.38451412e-20]
42 spam [1.29209319e-19 1.00000000e+00]
43 ham [0.93917083 0.06082917]
44 ham [1.0000000e+00 2.3994285e-15]
45 ham [0.99141653 0.00858347]
46 ham [9.99134861e-01 8.65139473e-04]
47 ham [0.78950667 0.21049333]
48 ham [9.99999908e-01 9.17193943e-08]
49 ham [1.0000000e+00 2.6569984e-10]
50 ham [9.99999290e-01 7.09790898e-07]
51 ham [1.00000000e+00 1.19596931e-18]
52 ham [0.96429643 0.03570357]
53 ham [1.00000000e+00 2.34182954e-29]
54 spam [3.57960915e-11 1.00000000e+00]
55 ham [9.99983387e-01 1.66131871e-05]
56 spam [6.95882984e-46 1.00000000e+00]
57 ham [1.00000000e+00 1.94865901e-12]
58 ham [0.99430267 0.00569733]
59 spam [0.32868318 0.67131682]
60 ham [9.99986664e-01 1.33364055e-05]
61 ham [0.54787063 0.45212937]
62 ham [0.82494779 0.17505221]
63 ham [9.99997214e-01 2.78567264e-06]
64 ham [9.99651328e-01 3.48671891e-04]
65 spam [2.35359222e-04 9.99764641e-01]
66 ham [0.64414684 0.35585316]
67 spam [8.09705456e-23 1.00000000e+00]
68 spam [0.33015123 0.66984877]
69 ham [0.92088368 0.07911632]
70 spam [0.14815193 0.85184807]
71 ham [9.99460648e-01 5.39352415e-04]
72 spam [0.05585292 0.94414708]
73 ham [9.99986484e-01 1.35157019e-05]
74 ham [0.99828873 0.00171127]
75 ham [0.97626339 0.02373661]
76 ham [1.00000000e+00 2.39762889e-11]
77 ham [9.99935101e-01 6.48990885e-05]
78 ham [1.00000000e+00 1.87838043e-11]
79 ham [9.99992613e-01 7.38722285e-06]
80 ham [1.00000000e+00 1.89771368e-12]
81 ham [9.99979124e-01 2.08759961e-05]
82 ham [9.99999999e-01 1.17938467e-09]
83 ham [9.99999994e-01 5.55537163e-09]
84 spam [0.32484725 0.67515275]
85 ham [0.99822378 0.00177622]
86 ham [9.99999679e-01 3.21399399e-07]
87 ham [9.99999552e-01 4.48139123e-07]
88 ham [9.99998567e-01 1.43281508e-06]
89 spam [0.05055558 0.94944442]
90 spam [0.00105578 0.99894422]
91 ham [1.00000000e+00 4.74151211e-12]
92 spam [0.23534028 0.76465972]
93 spam [6.31896735e-33 1.00000000e+00]
94 ham [0.99593886 0.00406114]
95 spam [1.42331823e-14 1.00000000e+00]
96 spam [0.06317946 0.93682054]
97 ham [9.99988627e-01 1.13729002e-05]
98 ham [0.9989518 0.0010482]
99 ham [0.98569894 0.01430106]
100 ham [9.99928349e-01 7.16514026e-05]
101 ham [0.63103261 0.36896739]
102 ham [9.99984096e-01 1.59035548e-05]
103 ham [1.0000000e+00 1.5177078e-11]
104 ham [9.99999904e-01 9.64444190e-08]
105 ham [9.99843424e-01 1.56576172e-04]
106 ham [0.84078974 0.15921026]
107 ham [9.99999993e-01 7.39517565e-09]
108 ham [0.97151752 0.02848248]
109 ham [0.91157996 0.08842004]
110 ham [0.99593873 0.00406127]
111 ham [0.98216228 0.01783772]
112 spam [0.39093691 0.60906309]
113 ham [1.00000000e+00 9.43074716e-11]
114 spam [9.15638371e-44 1.00000000e+00]
115 ham [0.9279644 0.0720356]
116 ham [1.00000000e+00 2.92223766e-21]
117 spam [5.68604935e-32 1.00000000e+00]
118 spam [4.54816517e-05 9.99954518e-01]
119 ham [0.99589453 0.00410547]
120 spam [5.21016268e-19 1.00000000e+00]
121 spam [1.72272974e-26 1.00000000e+00]
122 ham [0.97723353 0.02276647]
123 spam [2.08169346e-17 1.00000000e+00]
124 ham [9.99643595e-01 3.56404701e-04]
125 ham [0.89181271 0.10818729]
126 ham [0.87021285 0.12978715]
127 ham [1.00000000e+00 7.05112861e-19]
128 ham [9.99624549e-01 3.75450699e-04]
129 spam [1.15376863e-04 9.99884623e-01]
130 ham [9.99872965e-01 1.27034546e-04]
131 ham [9.99688491e-01 3.11509490e-04]
132 ham [0.58078246 0.41921754]
133 ham [0.79954973 0.20045027]
134 spam [1.05820706e-07 9.99999894e-01]
135 spam [9.6669147e-36 1.0000000e+00]
136 spam [0.04477043 0.95522957]
137 ham [9.99303981e-01 6.96018919e-04]
138 ham [0.98703962 0.01296038]
139 spam [3.48720294e-06 9.99996513e-01]
140 ham [9.99975223e-01 2.47771772e-05]
141 ham [1.0000000e+00 1.0017499e-10]
142 spam [0.2450738 0.7549262]
143 spam [4.69580415e-05 9.99953042e-01]
144 ham [9.99990635e-01 9.36507012e-06]
145 ham [0.97604536 0.02395464]
146 spam [0.04503014 0.95496986]
147 spam [0.00205608 0.99794392]
148 spam [0.29654708 0.70345292]
149 ham [0.92309983 0.07690017]
150 ham [0.99820223 0.00179777]
151 ham [9.99997714e-01 2.28618036e-06]
152 ham [0.99501791 0.00498209]
153 spam [0.26601641 0.73398359]
154 ham [1.0000000e+00 1.5177078e-11]
155 ham [1.00000000e+00 2.51920976e-19]
156 ham [0.99453022 0.00546978]
157 ham [9.99920740e-01 7.92598748e-05]
158 ham [1.00000000e+00 1.24333074e-21]
159 spam [2.70562933e-08 9.99999973e-01]
160 spam [2.60106079e-32 1.00000000e+00]
161 ham [1.00000000e+00 1.50684102e-15]
162 ham [0.99242842 0.00757158]
163 ham [1.00000000e+00 6.11698089e-14]
164 spam [2.67308888e-19 1.00000000e+00]
165 spam [1.25624955e-07 9.99999874e-01]
166 spam [0.23237018 0.76762982]
167 spam [1.18065959e-37 1.00000000e+00]
168 spam [0.00569574 0.99430426]
169 ham [0.85327386 0.14672614]
170 spam [0.14660059 0.85339941]
171 ham [0.99527841 0.00472159]
172 spam [0.31092003 0.68907997]
173 ham [9.99532720e-01 4.67279542e-04]
174 ham [0.75746541 0.24253459]
175 ham [1.00000000e+00 2.22832116e-11]
176 ham [1.00000000e+00 3.67605055e-13]
177 ham [0.99752172 0.00247828]
178 ham [1.00000000e+00 3.68896383e-24]
179 ham [9.99999950e-01 5.04021721e-08]
180 ham [0.92293122 0.07706878]
181 ham [9.99999985e-01 1.51036935e-08]
182 ham [0.75456281 0.24543719]
183 ham [1.00000000e+00 3.29081793e-11]
184 ham [0.8847441 0.1152559]
185 ham [0.82502939 0.17497061]
186 ham [9.99977975e-01 2.20249362e-05]
187 ham [9.99467752e-01 5.32247670e-04]
188 spam [6.23739584e-31 1.00000000e+00]
189 ham [9.99998720e-01 1.27993012e-06]
190 ham [9.99974899e-01 2.51005110e-05]
191 spam [8.40761039e-08 9.99999916e-01]
192 ham [1.00000000e+00 3.90875871e-19]
193 ham [0.63613524 0.36386476]
194 spam [0.14598846 0.85401154]
195 ham [9.99999861e-01 1.38804779e-07]
196 ham [9.99736801e-01 2.63199045e-04]
197 ham [9.99999046e-01 9.53724299e-07]
198 ham [0.83039306 0.16960694]
199 ham [1.0000000e+00 6.5247971e-14]
200 ham [1.00000000e+00 4.07548691e-11]
201 ham [1.00000000e+00 2.46202695e-10]
202 ham [9.99988441e-01 1.15594792e-05]
203 ham [1.00000000e+00 1.83475291e-15]
204 spam [0.47903795 0.52096205]
205 ham [0.97021273 0.02978727]
206 ham [0.99835346 0.00164654]
207 ham [1.0000000e+00 2.7744776e-21]
208 spam [0.06624805 0.93375195]
209 ham [9.99605337e-01 3.94662935e-04]
210 ham [0.99594683 0.00405317]
211 ham [9.99999982e-01 1.75948555e-08]
212 ham [9.99755121e-01 2.44879412e-04]
213 ham [0.88539103 0.11460897]
214 spam [0.19998781 0.80001219]
215 ham [9.99848238e-01 1.51762028e-04]
216 spam [0.01547169 0.98452831]
217 ham [0.9907858 0.0092142]
218 spam [0.2581095 0.7418905]
219 ham [9.99313630e-01 6.86369658e-04]
220 ham [1.00000000e+00 9.64866043e-18]
221 ham [0.96568555 0.03431445]
222 spam [0.28458747 0.71541253]
223 ham [1.00000000e+00 1.43866962e-12]
224 ham [0.97989378 0.02010622]
225 spam [1.21993653e-23 1.00000000e+00]
226 ham [9.99992968e-01 7.03199370e-06]
227 spam [4.14703971e-12 1.00000000e+00]
228 spam [0.12426386 0.87573614]
229 spam [0.34234115 0.65765885]
230 ham [9.99880580e-01 1.19420452e-04]
231 ham [9.99999038e-01 9.62449317e-07]
232 ham [0.98364855 0.01635145]
233 ham [9.99618779e-01 3.81220687e-04]
234 ham [0.59212914 0.40787086]
235 spam [6.57017894e-12 1.00000000e+00]
236 ham [1.00000000e+00 1.83649801e-11]
237 ham [9.99928790e-01 7.12101163e-05]
238 ham [0.99879773 0.00120227]
239 ham [9.99999629e-01 3.70675396e-07]
240 spam [2.55201513e-05 9.99974480e-01]
241 ham [9.99695827e-01 3.04173091e-04]
242 spam [0.05066638 0.94933362]
243 ham [0.92760404 0.07239596]
244 ham [1.00000000e+00 3.07602802e-14]
245 ham [9.99686391e-01 3.13608886e-04]
246 ham [1.00000000e+00 7.86877126e-11]
247 ham [0.6998523 0.3001477]
248 spam [0.09635008 0.90364992]
249 ham [9.99986746e-01 1.32543543e-05]
250 spam [8.37135777e-43 1.00000000e+00]
251 spam [0.00678389 0.99321611]
252 spam [5.53101316e-04 9.99446899e-01]
253 ham [9.99999770e-01 2.29853646e-07]
254 spam [0.0112753 0.9887247]
255 ham [1.00000000e+00 5.63911676e-11]
256 ham [9.99999961e-01 3.93092001e-08]
257 ham [0.91370379 0.08629621]
258 ham [9.99999999e-01 7.99870502e-10]
259 spam [7.11176047e-23 1.00000000e+00]
260 ham [9.99842257e-01 1.57742673e-04]
261 ham [0.8562963 0.1437037]
262 ham [9.99999951e-01 4.86833439e-08]
263 spam [4.30085211e-04 9.99569915e-01]
264 spam [1.40975509e-05 9.99985902e-01]
265 ham [0.97251794 0.02748206]
266 spam [0.17473683 0.82526317]
267 ham [0.99454006 0.00545994]
268 spam [3.45856572e-24 1.00000000e+00]
269 ham [0.87261294 0.12738706]
270 spam [1.42876482e-10 1.00000000e+00]
271 spam [0.26796611 0.73203389]
272 spam [0.11242536 0.88757464]
273 spam [4.50090745e-15 1.00000000e+00]
274 ham [0.99282706 0.00717294]
275 spam [0.49980415 0.50019585]
276 ham [0.79514038 0.20485962]
277 spam [0.47047284 0.52952716]
278 ham [1.00000000e+00 1.85250718e-12]
279 ham [9.99958872e-01 4.11277927e-05]
280 spam [0.01020855 0.98979145]
281 ham [0.97651536 0.02348464]
282 ham [0.60202538 0.39797462]
283 ham [0.99805452 0.00194548]
284 ham [0.79514038 0.20485962]
285 ham [1.00000000e+00 3.09975998e-15]
286 ham [9.99994173e-01 5.82720537e-06]
287 ham [0.88588101 0.11411899]
288 ham [9.99999997e-01 3.40213993e-09]
289 ham [9.99998797e-01 1.20313502e-06]
290 spam [0.00424818 0.99575182]
291 spam [0.38412359 0.61587641]
292 ham [0.77127757 0.22872243]
293 ham [0.95989335 0.04010665]
294 ham [0.99767617 0.00232383]
295 spam [0.09059585 0.90940415]
296 spam [2.30504773e-32 1.00000000e+00]
297 ham [0.99418015 0.00581985]
298 ham [1.00000000e+00 1.98931449e-10]
299 spam [0.48084455 0.51915545]
300 ham [9.99997564e-01 2.43598510e-06]
301 ham [9.99976534e-01 2.34663172e-05]
302 ham [0.98748021 0.01251979]
303 ham [9.99994302e-01 5.69815327e-06]
304 ham [0.96506543 0.03493457]
305 spam [4.54636535e-21 1.00000000e+00]
306 ham [9.99914099e-01 8.59012860e-05]
307 ham [0.9934557 0.0065443]
308 ham [0.95463478 0.04536522]
309 spam [4.63766399e-11 1.00000000e+00]
310 ham [0.77634337 0.22365663]
311 spam [8.93264708e-08 9.99999911e-01]
312 spam [3.4998764e-19 1.0000000e+00]
313 ham [1.00000000e+00 2.98221763e-14]
314 ham [9.99937657e-01 6.23431133e-05]
315 ham [9.99999988e-01 1.17652369e-08]
316 ham [0.51945122 0.48054878]
317 spam [0.48335038 0.51664962]
318 ham [0.99418876 0.00581124]
319 spam [1.05214372e-26 1.00000000e+00]
320 ham [0.99826347 0.00173653]
321 ham [9.99711628e-01 2.88371721e-04]
322 ham [0.99254999 0.00745001]
323 spam [1.08884676e-04 9.99891115e-01]
324 ham [9.99998439e-01 1.56073184e-06]
325 ham [9.99995334e-01 4.66557340e-06]
326 ham [0.99107754 0.00892246]
327 ham [0.64923425 0.35076575]
328 ham [9.99999247e-01 7.52601432e-07]
329 ham [9.99999772e-01 2.28389373e-07]
330 ham [9.99999998e-01 1.82943059e-09]
331 spam [0.19442953 0.80557047]
332 ham [0.99168649 0.00831351]
333 spam [1.38688068e-12 1.00000000e+00]
334 spam [3.70776057e-04 9.99629224e-01]
335 spam [2.21099783e-12 1.00000000e+00]
336 ham [9.99961578e-01 3.84218968e-05]
337 ham [0.97183896 0.02816104]
338 spam [0.16544112 0.83455888]
339 ham [1.00000000e+00 4.61299368e-12]
340 spam [0.20099502 0.79900498]
341 ham [9.99022743e-01 9.77257310e-04]
342 spam [0.06335754 0.93664246]
343 ham [0.63999732 0.36000268]
344 ham [9.99916900e-01 8.30996793e-05]
345 spam [0.42733741 0.57266259]
346 ham [9.99767002e-01 2.32998434e-04]
347 ham [0.98374568 0.01625432]
348 spam [0.14437498 0.85562502]
349 spam [1.32913676e-12 1.00000000e+00]
350 ham [9.99993849e-01 6.15081199e-06]
351 ham [9.99999989e-01 1.14568956e-08]
352 ham [1.00000000e+00 1.15864653e-14]
353 ham [9.99934902e-01 6.50976093e-05]
354 ham [0.9952125 0.0047875]
355 ham [9.99999908e-01 9.21108686e-08]
356 ham [0.99604297 0.00395703]
357 spam [5.42309474e-43 1.00000000e+00]
358 spam [6.5680821e-19 1.0000000e+00]
359 ham [1.00000000e+00 2.80866673e-14]
360 ham [0.9910304 0.0089696]
361 spam [0.06857799 0.93142201]
362 ham [0.98640353 0.01359647]
363 ham [0.54991462 0.45008538]
364 ham [0.93649605 0.06350395]
365 ham [1.00000000e+00 6.45930362e-15]
366 ham [9.99999916e-01 8.38640882e-08]
367 spam [4.09739161e-19 1.00000000e+00]
368 spam [2.58256478e-15 1.00000000e+00]
369 spam [0.2655579 0.7344421]
370 ham [9.99999977e-01 2.28389420e-08]
371 ham [1.00000000e+00 8.04537962e-17]
372 ham [9.99995243e-01 4.75724190e-06]
373 ham [1.00000000e+00 2.90919612e-16]
374 ham [1.000000e+00 2.018089e-19]
375 spam [1.11398848e-07 9.99999889e-01]
376 ham [0.99880173 0.00119827]
377 ham [0.58017969 0.41982031]
378 ham [0.67596978 0.32403022]
379 ham [0.97939115 0.02060885]
380 ham [0.99529804 0.00470196]
381 ham [1.00000000e+00 6.36878829e-20]
382 ham [9.99459102e-01 5.40898039e-04]
383 ham [0.99815167 0.00184833]
384 ham [9.99994696e-01 5.30352037e-06]
385 spam [4.20259018e-12 1.00000000e+00]
386 spam [0.22801732 0.77198268]
387 ham [9.99916211e-01 8.37889003e-05]
388 ham [9.99946131e-01 5.38693766e-05]
389 spam [9.15780044e-33 1.00000000e+00]
390 ham [0.97226432 0.02773568]
391 ham [0.91944538 0.08055462]
392 ham [0.99155587 0.00844413]
393 ham [9.99892958e-01 1.07041560e-04]
394 ham [1.00000000e+00 1.09102619e-14]
395 ham [0.89896538 0.10103462]
396 spam [0.03750154 0.96249846]
397 ham [0.98014825 0.01985175]
398 ham [9.99999844e-01 1.56017568e-07]
399 ham [0.70179913 0.29820087]
400 spam [0.22881824 0.77118176]
401 spam [6.27818797e-16 1.00000000e+00]
402 ham [9.99832329e-01 1.67670903e-04]
403 spam [0.45928259 0.54071741]
404 ham [9.99981714e-01 1.82862197e-05]
405 ham [1.00000000e+00 8.40910484e-11]
406 ham [0.9964263 0.0035737]
407 ham [0.98756285 0.01243715]
408 spam [0.45562605 0.54437395]
409 ham [0.7426684 0.2573316]
410 spam [2.42242064e-09 9.99999998e-01]
411 ham [9.99830398e-01 1.69601815e-04]
412 ham [9.99931797e-01 6.82027579e-05]
413 spam [0.29912485 0.70087515]
414 ham [0.89118537 0.10881463]
415 spam [5.53891067e-06 9.99994461e-01]
416 ham [0.99445629 0.00554371]
417 ham [0.99667449 0.00332551]
418 spam [3.9226226e-20 1.0000000e+00]
419 ham [9.99999999e-01 5.97092005e-10]
420 spam [2.16163964e-19 1.00000000e+00]
421 ham [0.94398137 0.05601863]
422 spam [1.28524525e-12 1.00000000e+00]
423 spam [0.47657318 0.52342682]
424 spam [1.31810219e-24 1.00000000e+00]
425 ham [9.99998720e-01 1.27985441e-06]
426 ham [9.99999236e-01 7.64052194e-07]
427 ham [9.99219884e-01 7.80116025e-04]
428 spam [0.02067424 0.97932576]
429 ham [9.99128378e-01 8.71622065e-04]
430 ham [1.00000000e+00 2.25380212e-12]
431 ham [0.99853873 0.00146127]
432 spam [0.01060068 0.98939932]
433 spam [3.27991431e-19 1.00000000e+00]
434 spam [0.27357973 0.72642027]
435 ham [1.00000000e+00 2.19343079e-13]
436 ham [1.00000000e+00 1.85870317e-25]
437 ham [9.99995523e-01 4.47668822e-06]
438 ham [0.91133682 0.08866318]
439 spam [0.00514789 0.99485211]
440 ham [9.99999999e-01 1.36777872e-09]
441 spam [0.20241285 0.79758715]
442 ham [0.92251357 0.07748643]
443 ham [9.99998258e-01 1.74229762e-06]
444 ham [1.00000000e+00 6.28850911e-12]
445 spam [3.33370939e-08 9.99999967e-01]
446 ham [1.00000000e+00 4.58318207e-12]
447 spam [0.42879697 0.57120303]
448 ham [9.99997950e-01 2.04953346e-06]
449 ham [0.99052741 0.00947259]
450 ham [0.56718297 0.43281703]
451 ham [0.51567708 0.48432292]
452 ham [9.99999976e-01 2.42494032e-08]
453 ham [0.98721077 0.01278923]
454 ham [9.99989369e-01 1.06311527e-05]
455 spam [8.19129244e-11 1.00000000e+00]
456 ham [0.98972096 0.01027904]
457 ham [0.89607672 0.10392328]
458 ham [9.99942352e-01 5.76479423e-05]
459 spam [0.38380484 0.61619516]
460 ham [0.89555497 0.10444503]
461 ham [0.99899909 0.00100091]
462 spam [0.28633876 0.71366124]
463 spam [8.60273945e-28 1.00000000e+00]
464 ham [1.00000000e+00 1.34933611e-11]
465 ham [9.99999624e-01 3.76375204e-07]
466 ham [1.00000000e+00 3.80904943e-11]
467 ham [9.99471167e-01 5.28833048e-04]
468 ham [9.99457899e-01 5.42100590e-04]
469 ham [9.99962783e-01 3.72167524e-05]
470 ham [0.97057352 0.02942648]
471 spam [6.52575038e-16 1.00000000e+00]
472 ham [0.77802361 0.22197639]
473 ham [1.00000000e+00 4.92774573e-20]
474 spam [7.3194837e-36 1.0000000e+00]
475 spam [7.98923644e-05 9.99920108e-01]
476 ham [9.99999415e-01 5.84821053e-07]
477 ham [0.91185643 0.08814357]
478 spam [0.10081216 0.89918784]
479 ham [9.99999976e-01 2.44945019e-08]
480 ham [9.99885431e-01 1.14568920e-04]
481 ham [0.9989614 0.0010386]
482 ham [9.99980700e-01 1.92999424e-05]
483 ham [0.96644845 0.03355155]
484 ham [0.99687828 0.00312172]
485 spam [0.01855758 0.98144242]
486 ham [0.93298212 0.06701788]
487 spam [1.88072889e-15 1.00000000e+00]
488 ham [0.96107184 0.03892816]
489 ham [0.98798936 0.01201064]
490 ham [9.99999081e-01 9.19237070e-07]
491 ham [9.99988844e-01 1.11563004e-05]
492 spam [4.44067057e-46 1.00000000e+00]
493 ham [9.99999935e-01 6.51484439e-08]
494 ham [1.00000000e+00 1.96414377e-10]
495 ham [9.99186100e-01 8.13899768e-04]
496 spam [0.22637898 0.77362102]
497 ham [9.99926083e-01 7.39167413e-05]
498 ham [0.9942806 0.0057194]
499 spam [0.01665439 0.98334561]
500 ham [9.99426911e-01 5.73089375e-04]
501 spam [0.00224457 0.99775543]
502 ham [0.99225693 0.00774307]
503 ham [0.55483641 0.44516359]
504 spam [0.01756104 0.98243896]
505 spam [1.99620817e-22 1.00000000e+00]
506 ham [9.99836196e-01 1.63803571e-04]
507 spam [0.37577158 0.62422842]
508 ham [1.00000000e+00 4.57451367e-12]
509 ham [0.95477126 0.04522874]
510 spam [1.06245155e-08 9.99999989e-01]
511 ham [9.99990032e-01 9.96816312e-06]
512 ham [0.9989777 0.0010223]
513 ham [0.84695595 0.15304405]
514 spam [0.08122798 0.91877202]
515 spam [1.08986441e-22 1.00000000e+00]
516 spam [0.03454841 0.96545159]
517 spam [1.68785581e-16 1.00000000e+00]
518 spam [9.75513901e-09 9.99999990e-01]
519 ham [9.99995773e-01 4.22654419e-06]
520 ham [9.9999898e-01 1.0197796e-06]
521 ham [0.95884823 0.04115177]
522 ham [9.99976496e-01 2.35039560e-05]
523 ham [0.97817819 0.02182181]
524 ham [0.99820007 0.00179993]
525 spam [3.01738994e-27 1.00000000e+00]
526 ham [0.98037462 0.01962538]
527 spam [1.02761165e-14 1.00000000e+00]
528 ham [0.98627676 0.01372324]
529 spam [4.03627653e-07 9.99999596e-01]
530 ham [0.99549089 0.00450911]
531 spam [6.95303295e-30 1.00000000e+00]
532 spam [0.00584252 0.99415748]
533 ham [9.99769866e-01 2.30134145e-04]
534 ham [9.99989718e-01 1.02819066e-05]
535 ham [1.00000000e+00 8.45651802e-21]
536 ham [1.00000000e+00 3.06519087e-12]
537 ham [9.99989313e-01 1.06868023e-05]
538 ham [9.99774413e-01 2.25587364e-04]
539 ham [0.94381245 0.05618755]
540 ham [0.99871201 0.00128799]
541 spam [1.07911719e-16 1.00000000e+00]
542 spam [1.99282574e-06 9.99998007e-01]
543 ham [9.99849877e-01 1.50123027e-04]
544 spam [0.00641698 0.99358302]
545 ham [9.99549959e-01 4.50041474e-04]
546 spam [0.31607445 0.68392555]
547 ham [1.00000000e+00 3.13084261e-17]
548 ham [0.8092157 0.1907843]
549 ham [1.00000000e+00 1.01139586e-10]
550 ham [9.99999998e-01 1.66468756e-09]
551 ham [9.99712928e-01 2.87071811e-04]
552 ham [9.99663531e-01 3.36469316e-04]
553 spam [0.21268761 0.78731239]
554 ham [1.00000000e+00 1.03064218e-10]
555 spam [0.00781412 0.99218588]
556 spam [0.01141903 0.98858097]
557 ham [0.89814133 0.10185867]
558 ham [9.99995556e-01 4.44366555e-06]
559 ham [9.99999930e-01 6.98305103e-08]
560 spam [6.63836010e-04 9.99336164e-01]
561 ham [9.99319987e-01 6.80012821e-04]
562 ham [0.99793331 0.00206669]
563 ham [9.99999884e-01 1.15898529e-07]
564 spam [2.56557274e-43 1.00000000e+00]
565 ham [1.00000000e+00 1.36335349e-26]
566 spam [0.01093637 0.98906363]
567 ham [0.78998842 0.21001158]
568 ham [1.00000000e+00 3.06611314e-13]
569 ham [9.99801514e-01 1.98486141e-04]
570 spam [0.10732034 0.89267966]
571 ham [9.99984803e-01 1.51968911e-05]
572 ham [9.99984347e-01 1.56534680e-05]
573 ham [0.9867708 0.0132292]
574 spam [0.49553609 0.50446391]
575 ham [0.75529804 0.24470196]
576 spam [1.41833142e-24 1.00000000e+00]
577 ham [1.00000000e+00 6.87483261e-15]
578 ham [9.99959836e-01 4.01642807e-05]
579 spam [4.87961014e-12 1.00000000e+00]
580 spam [0.03707152 0.96292848]
581 ham [0.81847564 0.18152436]
582 ham [9.99989847e-01 1.01525802e-05]
583 spam [3.52737108e-22 1.00000000e+00]
584 ham [9.99969023e-01 3.09770734e-05]
585 ham [9.99539783e-01 4.60217376e-04]
586 ham [0.99454805 0.00545195]
587 ham [0.98339928 0.01660072]
588 spam [0.06890139 0.93109861]
589 spam [0.17076446 0.82923554]
590 ham [9.99998049e-01 1.95099416e-06]
591 spam [2.12211862e-24 1.00000000e+00]
592 spam [7.9826343e-24 1.0000000e+00]
593 spam [1.06110437e-24 1.00000000e+00]
594 ham [0.84735612 0.15264388]
595 spam [0.00266961 0.99733039]
596 ham [9.99985018e-01 1.49818992e-05]
597 ham [9.99980045e-01 1.99547867e-05]
598 spam [5.69974819e-09 9.99999994e-01]
599 spam [0.10275923 0.89724077]
600 ham [9.99999472e-01 5.28045593e-07]
601 spam [6.29815911e-06 9.99993702e-01]
602 ham [1.00000000e+00 4.96483807e-11]
603 ham [0.69466125 0.30533875]
604 ham [9.99947512e-01 5.24879629e-05]
605 ham [0.94056215 0.05943785]
606 ham [0.88227638 0.11772362]
607 spam [3.6129783e-10 1.0000000e+00]
608 ham [9.99997352e-01 2.64783908e-06]
609 ham [0.95380472 0.04619528]
610 ham [9.99649578e-01 3.50421943e-04]
611 spam [4.81126937e-10 1.00000000e+00]
612 ham [0.60640992 0.39359008]
613 ham [0.97440238 0.02559762]
614 spam [4.85363185e-08 9.99999951e-01]
615 ham [0.64383932 0.35616068]
616 ham [9.99920901e-01 7.90989164e-05]
617 ham [9.99744814e-01 2.55186145e-04]
618 ham [0.96406713 0.03593287]
619 spam [0.48856398 0.51143602]
620 spam [0.00538383 0.99461617]
621 ham [1.00000000e+00 1.14852573e-13]
622 spam [0.2073287 0.7926713]
623 spam [0.00904872 0.99095128]
624 ham [9.99988980e-01 1.10196014e-05]
625 ham [9.99812054e-01 1.87946451e-04]
626 ham [9.99928743e-01 7.12570471e-05]
627 ham [0.96921132 0.03078868]
628 ham [9.99999332e-01 6.67624975e-07]
629 spam [6.51827387e-11 1.00000000e+00]
630 spam [4.85482944e-16 1.00000000e+00]
631 ham [9.99956853e-01 4.31473081e-05]
632 spam [0.35705724 0.64294276]
633 ham [9.99968339e-01 3.16612102e-05]
634 spam [0.06180435 0.93819565]
635 spam [1.17795125e-24 1.00000000e+00]
636 ham [0.9846367 0.0153633]
637 ham [9.99993465e-01 6.53498615e-06]
638 ham [0.80045695 0.19954305]
639 ham [0.99156315 0.00843685]
640 ham [0.7437912 0.2562088]
641 ham [1.00000000e+00 2.50619092e-16]
642 ham [9.99993394e-01 6.60580017e-06]
643 ham [0.99534314 0.00465686]
644 ham [0.9894021 0.0105979]
645 spam [0.07713427 0.92286573]
646 ham [0.99370502 0.00629498]
647 ham [9.99999987e-01 1.26284821e-08]
648 spam [3.79513672e-24 1.00000000e+00]
649 ham [0.99766068 0.00233932]
650 spam [1.87179272e-36 1.00000000e+00]
651 spam [0.03020991 0.96979009]
652 ham [9.99999983e-01 1.72153794e-08]
653 ham [9.99995319e-01 4.68128751e-06]
654 ham [9.99982250e-01 1.77504205e-05]
655 ham [9.99997118e-01 2.88204480e-06]
656 ham [0.72155464 0.27844536]
657 ham [9.99691460e-01 3.08539968e-04]
658 ham [9.99999990e-01 1.02514848e-08]
659 ham [0.99683101 0.00316899]
660 spam [0.00201568 0.99798432]
661 spam [2.79545115e-04 9.99720455e-01]
662 spam [0.33766423 0.66233577]
663 ham [0.9728929 0.0271071]
664 spam [0.23850365 0.76149635]
665 ham [0.64982051 0.35017949]
666 spam [0.00259713 0.99740287]
667 ham [1.00000000e+00 3.87970394e-12]
668 ham [9.99999759e-01 2.40739287e-07]
669 ham [0.99870608 0.00129392]
670 ham [0.91717459 0.08282541]
671 spam [0.01922573 0.98077427]
672 spam [7.49488633e-12 1.00000000e+00]
673 spam [7.77560261e-17 1.00000000e+00]
674 ham [1.00000000e+00 4.62645461e-21]
675 ham [1.0000000e+00 1.9178806e-17]
676 ham [0.99867189 0.00132811]
677 spam [0.02461552 0.97538448]
678 ham [1.00000000e+00 3.29102991e-10]
679 ham [9.99975658e-01 2.43417109e-05]
680 ham [1.00000000e+00 5.21256747e-11]
681 ham [0.66515588 0.33484412]
682 ham [0.81227469 0.18772531]
683 ham [0.90168762 0.09831238]
684 ham [9.99999909e-01 9.10737452e-08]
685 ham [9.99999321e-01 6.79473857e-07]
686 ham [0.97557813 0.02442187]
687 spam [8.52868525e-08 9.99999915e-01]
688 ham [9.99118363e-01 8.81637274e-04]
689 ham [0.97541846 0.02458154]
690 spam [3.47841831e-04 9.99652158e-01]
691 spam [0.43606402 0.56393598]
692 spam [4.06049124e-05 9.99959395e-01]
693 ham [9.99999169e-01 8.30717612e-07]
694 ham [0.86012846 0.13987154]
695 ham [9.9903156e-01 9.6843990e-04]
696 ham [0.99731233 0.00268767]
697 ham [0.92922797 0.07077203]
698 ham [9.99998994e-01 1.00555463e-06]
699 ham [0.98283108 0.01716892]
700 spam [0.02623902 0.97376098]
701 ham [0.99584861 0.00415139]
702 ham [1.00000000e+00 1.80380689e-12]
703 ham [0.68616278 0.31383722]
704 ham [9.99945653e-01 5.43472342e-05]
705 ham [9.99971410e-01 2.85896113e-05]
706 ham [9.99999939e-01 6.07194509e-08]
707 ham [0.99805646 0.00194354]
708 ham [0.94130186 0.05869814]
709 spam [3.05745889e-14 1.00000000e+00]
710 spam [2.74388e-38 1.00000e+00]
711 spam [2.09442052e-08 9.99999979e-01]
712 ham [1.00000000e+00 2.77789066e-12]
713 spam [3.71182717e-06 9.99996288e-01]
714 ham [9.99776105e-01 2.23894625e-04]
715 ham [9.99892506e-01 1.07494114e-04]
716 ham [9.99995135e-01 4.86498647e-06]
717 spam [3.38060118e-24 1.00000000e+00]
718 ham [1.00000000e+00 7.36935879e-12]
719 spam [1.25075109e-35 1.00000000e+00]
720 ham [9.99997308e-01 2.69168319e-06]
721 ham [0.98729995 0.01270005]
722 ham [0.78744186 0.21255814]
723 ham [0.60163897 0.39836103]
724 ham [0.50720964 0.49279036]
725 ham [1.00000000e+00 2.39074728e-12]
726 spam [0.03994869 0.96005131]
727 ham [1.00000000e+00 1.22119877e-13]
728 spam [0.41709116 0.58290884]
729 spam [0.14812812 0.85187188]
730 ham [0.9984741 0.0015259]
731 spam [2.76919712e-06 9.99997231e-01]
732 ham [0.98759653 0.01240347]
733 ham [9.99985851e-01 1.41488162e-05]
734 spam [0.00941598 0.99058402]
735 spam [0.0283966 0.9716034]
736 ham [0.99886887 0.00113113]
737 ham [9.99076883e-01 9.23116573e-04]
738 spam [2.39067363e-23 1.00000000e+00]
739 ham [9.99181131e-01 8.18869177e-04]
740 spam [0.00915114 0.99084886]
741 ham [9.99997862e-01 2.13761933e-06]
742 ham [0.92483374 0.07516626]
743 ham [1.00000000e+00 3.93424881e-15]
744 ham [0.62340312 0.37659688]
745 spam [0.13012528 0.86987472]
746 ham [0.98831043 0.01168957]
747 ham [9.99999994e-01 6.34794163e-09]
748 spam [1.22518366e-04 9.99877482e-01]
749 ham [9.99999992e-01 7.81923912e-09]
