0 ham [0.93757901 0.06242099]
1 ham [0.82186452 0.17813548]
2 spam [1.15153695e-17 1.00000000e+00]
3 ham [9.99866627e-01 1.33372997e-04]
4 ham [9.99985242e-01 1.47576606e-05]
5 ham [9.99231815e-01 7.68185092e-04]
6 ham [9.99998031e-01 1.96939621e-06]
7 ham [1.00000000e+00 1.16909608e-12]
8 spam [5.88542959e-18 1.00000000e+00]
9 spam [2.99341984e-16 1.00000000e+00]
10 ham [1.00000000e+00 2.04715194e-13]
11 spam [3.97804874e-12 1.00000000e+00]
12 spam [4.20174434e-18 1.00000000e+00]
13 ham [1.00000000e+00 4.79163995e-12]
14 ham [0.84813781 0.15186219]
15 spam [5.48963928e-06 9.99994510e-01]
16 ham [9.99591659e-01 4.08341461e-04]
17 ham [9.99857822e-01 1.42178224e-04]
18 ham [9.99998714e-01 1.28561901e-06]
19 spam [1.68028753e-10 1.00000000e+00]
20 ham [0.99221776 0.00778224]
21 ham [0.92335222 0.07664778]
22 ham [0.95766184 0.04233816]
23 ham [9.99999999e-01 6.36861795e-10]
24 ham [9.99991750e-01 8.25002435e-06]
25 ham [9.99999888e-01 1.12367190e-07]
26 ham [0.97412498 0.02587502]
27 ham [1.00000000e+00 2.87621416e-13]
28 ham [1.00000000e+00 7.19464826e-16]
29 ham [0.99432167 0.00567833]
30 ham [1.00000000e+00 1.57106847e-13]
31 ham [1.00000000e+00 3.84951326e-12]
32 ham [9.9934879e-01 6.5120971e-04]
33 ham [9.99356289e-01 6.43710811e-04]
34 spam [7.00913465e-04 9.99299087e-01]
35 ham [1.00000000e+00 9.98918881e-11]
36 ham [1.00000000e+00 4.19371942e-11]
37 ham [9.99867927e-01 1.32073005e-04]
38 ham [0.85958196 0.14041804]
39 ham [1.00000000e+00 2.02131452e-10]
40 ham [9.99999852e-01 1.48305458e-07]
41 ham [1.00000000e+00 2.52749119e-21]
42 spam [7.53980162e-13 1.00000000e+00]
43 ham [0.95412976 0.04587024]
44 ham [1.0000000e+00 7.5761261e-13]
45 ham [0.94847948 0.05152052]
46 ham [9.99767608e-01 2.32391721e-04]
47 ham [0.9470107 0.0529893]
48 ham [9.99999986e-01 1.36004027e-08]
49 ham [1.00000000e+00 1.01376944e-10]
50 ham [9.99999981e-01 1.89239493e-08]
51 ham [1.00000000e+00 4.40923179e-13]
52 ham [0.99855531 0.00144469]
53 ham [1.00000000e+00 6.67546428e-30]
54 spam [1.51300851e-06 9.99998487e-01]
55 ham [9.99998135e-01 1.86534307e-06]
56 spam [6.20803619e-26 1.00000000e+00]
57 ham [9.99999973e-01 2.71308722e-08]
58 ham [0.99630105 0.00369895]
59 ham [0.8458238 0.1541762]
60 ham [9.99999759e-01 2.40960922e-07]
61 ham [0.95080504 0.04919496]
62 ham [0.93228369 0.06771631]
63 ham [9.99999851e-01 1.48539607e-07]
64 ham [9.99999696e-01 3.04085630e-07]
65 spam [0.42383923 0.57616077]
66 ham [0.99897018 0.00102982]
67 spam [4.22060374e-16 1.00000000e+00]
68 ham [0.99276594 0.00723406]
69 ham [0.98845212 0.01154788]
70 ham [0.61378173 0.38621827]
71 ham [9.99310211e-01 6.89788752e-04]
72 ham [0.57007413 0.42992587]
73 ham [9.99970801e-01 2.91991290e-05]
74 ham [9.99452136e-01 5.47864388e-04]
75 ham [0.99696049 0.00303951]
76 ham [9.99999998e-01 2.37735386e-09]
77 ham [9.99997537e-01 2.46314358e-06]
78 ham [9.99999938e-01 6.20968012e-08]
79 ham [9.99999858e-01 1.42432736e-07]
80 ham [9.99999924e-01 7.58858778e-08]
81 ham [9.99992403e-01 7.59674057e-06]
82 ham [9.99999998e-01 2.24692308e-09]
83 ham [9.99999916e-01 8.42610017e-08]
84 spam [0.4586117 0.5413883]
85 ham [9.99608682e-01 3.91318035e-04]
86 ham [9.99999998e-01 2.40401178e-09]
87 ham [9.99999998e-01 1.71440953e-09]
88 ham [9.99994381e-01 5.61943056e-06]
89 spam [0.48727441 0.51272559]
90 spam [0.06677277 0.93322723]
91 ham [1.00000000e+00 2.63441108e-16]
92 ham [0.99826795 0.00173205]
93 spam [2.98133479e-21 1.00000000e+00]
94 ham [9.99985656e-01 1.43439982e-05]
95 spam [3.11165256e-09 9.99999997e-01]
96 spam [0.31052136 0.68947864]
97 ham [9.99999493e-01 5.06699891e-07]
98 ham [9.99999982e-01 1.84278756e-08]
99 ham [0.99199311 0.00800689]
100 ham [9.99975782e-01 2.42182868e-05]
101 ham [0.99561928 0.00438072]
102 ham [9.99997698e-01 2.30216419e-06]
103 ham [9.99999069e-01 9.31280714e-07]
104 ham [1.00000000e+00 5.43219017e-11]
105 ham [9.99981353e-01 1.86465428e-05]
106 ham [0.99873829 0.00126171]
107 ham [9.99999887e-01 1.13083382e-07]
108 ham [0.9989556 0.0010444]
109 ham [9.99968310e-01 3.16903929e-05]
110 ham [0.99830231 0.00169769]
111 ham [0.99749815 0.00250185]
112 ham [0.81083636 0.18916364]
113 ham [1.00000000e+00 3.32094147e-13]
114 spam [1.50987794e-24 1.00000000e+00]
115 ham [0.99496943 0.00503057]
116 ham [1.00000000e+00 3.19054049e-15]
117 spam [5.8211434e-20 1.0000000e+00]
118 spam [0.00332771 0.99667229]
119 ham [9.99866121e-01 1.33879388e-04]
120 spam [7.44422114e-14 1.00000000e+00]
121 spam [1.84549347e-17 1.00000000e+00]
122 ham [9.99152519e-01 8.47481302e-04]
123 spam [8.53691676e-13 1.00000000e+00]
124 ham [9.99932851e-01 6.71492282e-05]
125 ham [0.97964049 0.02035951]
126 ham [0.92241214 0.07758786]
127 ham [1.0000000e+00 4.8904023e-23]
128 ham [9.99878844e-01 1.21156063e-04]
129 spam [0.18755465 0.81244535]
130 ham [9.99959590e-01 4.04096023e-05]
131 ham [0.99854472 0.00145528]
132 ham [0.92923081 0.07076919]
133 ham [0.90308296 0.09691704]
134 spam [0.01240364 0.98759636]
135 spam [3.98804158e-20 1.00000000e+00]
136 spam [0.13057404 0.86942596]
137 ham [9.99820178e-01 1.79822409e-04]
138 ham [0.99491527 0.00508473]
139 spam [0.06856905 0.93143095]
140 ham [9.99999715e-01 2.84911711e-07]
141 ham [9.99999983e-01 1.73079094e-08]
142 spam [0.43303083 0.56696917]
143 spam [0.25270072 0.74729928]
144 ham [9.99999095e-01 9.04847338e-07]
145 ham [0.99321943 0.00678057]
146 spam [0.37544715 0.62455285]
147 ham [0.55905852 0.44094148]
148 ham [0.98968232 0.01031768]
149 ham [0.99004418 0.00995582]
150 ham [0.99899905 0.00100095]
151 ham [9.99997239e-01 2.76109215e-06]
152 ham [9.99809052e-01 1.90947525e-04]
153 ham [0.56241219 0.43758781]
154 ham [9.99999069e-01 9.31280714e-07]
155 ham [1.00000000e+00 5.12383575e-31]
156 ham [0.9982878 0.0017122]
157 ham [9.99783098e-01 2.16901857e-04]
158 ham [1.0000000e+00 4.7360413e-23]
159 spam [1.02987731e-05 9.99989701e-01]
160 spam [8.22835398e-20 1.00000000e+00]
161 ham [1.0000000e+00 1.0143203e-15]
162 ham [9.99894592e-01 1.05407532e-04]
163 ham [1.00000000e+00 1.66501989e-13]
164 spam [7.21117846e-11 1.00000000e+00]
165 spam [0.00348467 0.99651533]
166 ham [0.80640065 0.19359935]
167 spam [3.72160173e-22 1.00000000e+00]
168 spam [0.37253415 0.62746585]
169 ham [0.99703782 0.00296218]
170 ham [0.88828732 0.11171268]
171 ham [9.99607333e-01 3.92666522e-04]
172 ham [0.99410946 0.00589054]
173 ham [9.99891065e-01 1.08934803e-04]
174 ham [9.99649089e-01 3.50911290e-04]
175 ham [9.99999998e-01 2.03275132e-09]
176 ham [1.00000000e+00 1.30311681e-12]
177 ham [9.99421357e-01 5.78643301e-04]
178 ham [1.00000000e+00 1.19738991e-19]
179 ham [9.99999999e-01 1.19211998e-09]
180 ham [9.99994807e-01 5.19301267e-06]
181 ham [1.00000000e+00 1.18425503e-10]
182 ham [0.97741454 0.02258546]
183 ham [9.99999988e-01 1.20027671e-08]
184 ham [0.97417775 0.02582225]
185 ham [0.94179788 0.05820212]
186 ham [9.99999994e-01 5.61375505e-09]
187 ham [9.99814555e-01 1.85445154e-04]
188 spam [5.97323934e-20 1.00000000e+00]
189 ham [9.99999966e-01 3.38926107e-08]
190 ham [9.99999852e-01 1.47835878e-07]
191 spam [4.36093367e-04 9.99563907e-01]
192 ham [1.0000000e+00 1.9535446e-18]
193 ham [0.9199855 0.0800145]
194 ham [0.99220045 0.00779955]
195 ham [9.99999993e-01 7.44918520e-09]
196 ham [9.99578571e-01 4.21429485e-04]
197 ham [9.99994550e-01 5.45019618e-06]
198 ham [0.99607413 0.00392587]
199 ham [1.00000000e+00 4.66333656e-16]
200 ham [9.99999966e-01 3.36718774e-08]
201 ham [9.99999592e-01 4.08446067e-07]
202 ham [9.99999883e-01 1.17002371e-07]
203 ham [1.00000000e+00 6.40252795e-12]
204 ham [0.62215783 0.37784217]
205 ham [0.99468175 0.00531825]
206 ham [9.99928374e-01 7.16264607e-05]
207 ham [1.00000000e+00 2.19041957e-15]
208 spam [0.1853405 0.8146595]
209 ham [9.99570828e-01 4.29172322e-04]
210 ham [9.99604377e-01 3.95623430e-04]
211 ham [9.99999970e-01 2.97002184e-08]
212 ham [9.99825062e-01 1.74937900e-04]
213 ham [0.95707354 0.04292646]
214 spam [0.47864698 0.52135302]
215 ham [9.99913745e-01 8.62554986e-05]
216 spam [0.13911112 0.86088888]
217 ham [0.99892572 0.00107428]
218 ham [0.81429399 0.18570601]
219 ham [9.99452325e-01 5.47675461e-04]
220 ham [1.00000000e+00 4.77729208e-21]
221 ham [0.98020509 0.01979491]
222 ham [9.99754563e-01 2.45437236e-04]
223 ham [9.99999939e-01 6.05886622e-08]
224 ham [9.99993608e-01 6.39223680e-06]
225 spam [2.48645062e-17 1.00000000e+00]
226 ham [9.9999948e-01 5.2009708e-07]
227 spam [2.20022813e-07 9.99999780e-01]
228 spam [0.31272111 0.68727889]
229 ham [0.99460965 0.00539035]
230 ham [9.99976220e-01 2.37804797e-05]
231 ham [9.99988891e-01 1.11094399e-05]
232 ham [0.99670101 0.00329899]
233 ham [0.99895377 0.00104623]
234 ham [0.958345 0.041655]
235 spam [6.59902823e-07 9.99999340e-01]
236 ham [9.99999992e-01 8.06198992e-09]
237 ham [9.99998161e-01 1.83909388e-06]
238 ham [0.99848286 0.00151714]
239 ham [9.99999977e-01 2.27527026e-08]
240 spam [0.29455341 0.70544659]
241 ham [9.99977985e-01 2.20154205e-05]
242 spam [0.23187024 0.76812976]
243 ham [9.99670405e-01 3.29595303e-04]
244 ham [1.00000000e+00 1.08667953e-15]
245 ham [9.99337735e-01 6.62264799e-04]
246 ham [1.00000000e+00 9.14819199e-12]
247 ham [0.92132415 0.07867585]
248 spam [0.41318352 0.58681648]
249 ham [9.99999991e-01 9.20286128e-09]
250 spam [3.26765304e-28 1.00000000e+00]
251 spam [0.05338263 0.94661737]
252 ham [0.98799045 0.01200955]
253 ham [9.99997400e-01 2.60033441e-06]
254 ham [9.99567467e-01 4.32533016e-04]
255 ham [9.99999974e-01 2.60000679e-08]
256 ham [9.99999976e-01 2.43119526e-08]
257 ham [0.99029754 0.00970246]
258 ham [9.99999993e-01 7.10973919e-09]
259 spam [1.55623375e-14 1.00000000e+00]
260 ham [9.99995496e-01 4.50403632e-06]
261 ham [0.8562963 0.1437037]
262 ham [9.99999991e-01 8.94951381e-09]
263 spam [0.02751292 0.97248708]
264 spam [0.01633415 0.98366585]
265 ham [0.99390248 0.00609752]
266 ham [0.5494221 0.4505779]
267 ham [9.99703383e-01 2.96617455e-04]
268 spam [1.18415567e-16 1.00000000e+00]
269 ham [0.97807775 0.02192225]
270 spam [3.39717354e-07 9.99999660e-01]
271 ham [0.80614135 0.19385865]
272 ham [9.99115651e-01 8.84348885e-04]
273 spam [1.02325013e-09 9.99999999e-01]
274 ham [9.99346832e-01 6.53168492e-04]
275 ham [0.87602213 0.12397787]
276 ham [0.78376706 0.21623294]
277 ham [0.85661162 0.14338838]
278 ham [1.00000000e+00 2.62925224e-10]
279 ham [9.99998648e-01 1.35213895e-06]
280 spam [0.27809761 0.72190239]
281 ham [0.99257032 0.00742968]
282 ham [9.99913080e-01 8.69197768e-05]
283 ham [0.9989856 0.0010144]
284 ham [0.78376706 0.21623294]
285 ham [1.0000000e+00 3.9113917e-15]
286 ham [9.99999824e-01 1.75701023e-07]
287 ham [0.87877737 0.12122263]
288 ham [1.0000000e+00 2.1480201e-12]
289 ham [1.00000000e+00 7.69566664e-12]
290 ham [0.99359222 0.00640778]
291 ham [0.82785035 0.17214965]
292 ham [0.99459043 0.00540957]
293 ham [0.99101063 0.00898937]
294 ham [0.99888826 0.00111174]
295 spam [0.48537503 0.51462497]
296 spam [1.40636437e-20 1.00000000e+00]
297 ham [0.99799051 0.00200949]
298 ham [1.00000000e+00 2.29037876e-14]
299 ham [0.94832424 0.05167576]
300 ham [9.99998787e-01 1.21296057e-06]
301 ham [9.99999857e-01 1.43450402e-07]
302 ham [9.99999664e-01 3.35745242e-07]
303 ham [9.99999958e-01 4.20852033e-08]
304 ham [0.96644594 0.03355406]
305 spam [1.24181752e-12 1.00000000e+00]
306 ham [9.99998115e-01 1.88534542e-06]
307 ham [0.99884561 0.00115439]
308 ham [0.99817062 0.00182938]
309 spam [3.51776008e-07 9.99999648e-01]
310 ham [0.99103944 0.00896056]
311 spam [0.00133112 0.99866888]
312 spam [4.98004937e-12 1.00000000e+00]
313 ham [1.00000000e+00 6.35255158e-15]
314 ham [1.00000000e+00 3.60772348e-10]
315 ham [9.99999916e-01 8.44886591e-08]
316 ham [0.88982171 0.11017829]
317 ham [9.99397233e-01 6.02767456e-04]
318 ham [0.99660107 0.00339893]
319 spam [7.47968998e-18 1.00000000e+00]
320 ham [9.99524059e-01 4.75940614e-04]
321 ham [9.99990947e-01 9.05295325e-06]
322 ham [9.99858912e-01 1.41088180e-04]
323 spam [0.29571945 0.70428055]
324 ham [9.99999998e-01 2.42331978e-09]
325 ham [9.99919825e-01 8.01749166e-05]
326 ham [0.947739 0.052261]
327 ham [0.94527543 0.05472457]
328 ham [9.99999957e-01 4.25067097e-08]
329 ham [9.99987431e-01 1.25691148e-05]
330 ham [1.00000000e+00 3.21841833e-10]
331 ham [0.79781975 0.20218025]
332 ham [9.99819595e-01 1.80404891e-04]
333 spam [2.05751568e-08 9.99999979e-01]
334 ham [0.99780723 0.00219277]
335 spam [4.92373946e-06 9.99995076e-01]
336 ham [9.99998195e-01 1.80453027e-06]
337 ham [0.9979219 0.0020781]
338 spam [0.33616976 0.66383024]
339 ham [9.99999813e-01 1.86657708e-07]
340 ham [0.75831688 0.24168312]
341 ham [0.997908 0.002092]
342 ham [9.99658179e-01 3.41821278e-04]
343 ham [0.85013265 0.14986735]
344 ham [9.99941681e-01 5.83188872e-05]
345 ham [0.79161843 0.20838157]
346 ham [0.99847494 0.00152506]
347 ham [9.99969581e-01 3.04193947e-05]
348 spam [0.34997957 0.65002043]
349 spam [2.65069898e-07 9.99999735e-01]
350 ham [9.99990320e-01 9.67965629e-06]
351 ham [9.99999675e-01 3.24909233e-07]
352 ham [1.00000000e+00 1.99049444e-13]
353 ham [9.99999795e-01 2.04947640e-07]
354 ham [9.99999583e-01 4.16859323e-07]
355 ham [9.99968362e-01 3.16375299e-05]
356 ham [9.99999914e-01 8.64104943e-08]
357 spam [1.97527234e-28 1.00000000e+00]
358 spam [6.25585264e-12 1.00000000e+00]
359 ham [1.00000000e+00 1.91508519e-16]
360 ham [9.99961097e-01 3.89031109e-05]
361 spam [0.39104707 0.60895293]
362 ham [0.98858476 0.01141524]
363 ham [0.84791595 0.15208405]
364 ham [9.99022589e-01 9.77411374e-04]
365 ham [1.00000000e+00 1.31463819e-17]
366 ham [9.99999996e-01 3.93863314e-09]
367 spam [1.00530068e-13 1.00000000e+00]
368 spam [1.14575168e-10 1.00000000e+00]
369 ham [0.65386356 0.34613644]
370 ham [9.99997486e-01 2.51384824e-06]
371 ham [1.00000000e+00 1.30933995e-18]
372 ham [9.99999285e-01 7.14971444e-07]
373 ham [1.00000000e+00 1.33313886e-11]
374 ham [1.00000000e+00 8.80056105e-23]
375 spam [8.71911408e-04 9.99128089e-01]
376 ham [9.99425003e-01 5.74997416e-04]
377 ham [0.98537577 0.01462423]
378 ham [9.99626777e-01 3.73223097e-04]
379 ham [0.99424635 0.00575365]
380 ham [9.99995165e-01 4.83478140e-06]
381 ham [1.00000000e+00 8.51193188e-24]
382 ham [9.99906392e-01 9.36081249e-05]
383 ham [9.99837918e-01 1.62082040e-04]
384 ham [9.99999006e-01 9.94279354e-07]
385 spam [1.23350699e-07 9.99999877e-01]
386 spam [0.46362128 0.53637872]
387 ham [9.99959801e-01 4.01985036e-05]
388 ham [9.99985185e-01 1.48153231e-05]
389 spam [1.46561778e-20 1.00000000e+00]
390 ham [0.9982243 0.0017757]
391 ham [0.98316936 0.01683064]
392 ham [9.99928045e-01 7.19545487e-05]
393 ham [9.99965836e-01 3.41636022e-05]
394 ham [1.00000000e+00 2.93850209e-17]
395 ham [0.9986325 0.0013675]
396 ham [0.86788006 0.13211994]
397 ham [9.99997409e-01 2.59100934e-06]
398 ham [1.00000000e+00 2.00634448e-12]
399 ham [9.99997219e-01 2.78117006e-06]
400 ham [0.99483006 0.00516994]
401 spam [9.023218e-11 1.000000e+00]
402 ham [9.99968098e-01 3.19019290e-05]
403 ham [0.82490835 0.17509165]
404 ham [9.99986927e-01 1.30734848e-05]
405 ham [9.99999963e-01 3.68741223e-08]
406 ham [9.99918176e-01 8.18242977e-05]
407 ham [9.99996953e-01 3.04666350e-06]
408 ham [0.91100901 0.08899099]
409 ham [0.77006781 0.22993219]
410 spam [4.41714078e-05 9.99955829e-01]
411 ham [9.99994632e-01 5.36825298e-06]
412 ham [9.99971803e-01 2.81965787e-05]
413 ham [0.90909324 0.09090676]
414 ham [0.96488556 0.03511444]
415 spam [1.35476308e-04 9.99864524e-01]
416 ham [0.99812626 0.00187374]
417 ham [9.99083233e-01 9.16766565e-04]
418 spam [2.42339614e-14 1.00000000e+00]
419 ham [9.99999992e-01 7.52033084e-09]
420 spam [2.32712597e-13 1.00000000e+00]
421 ham [0.97554221 0.02445779]
422 spam [8.25506221e-08 9.99999917e-01]
423 ham [0.74045856 0.25954144]
424 spam [1.65345369e-16 1.00000000e+00]
425 ham [9.99995645e-01 4.35468002e-06]
426 ham [9.99998010e-01 1.99039733e-06]
427 ham [9.99183962e-01 8.16037868e-04]
428 spam [0.10481985 0.89518015]
429 ham [9.99989499e-01 1.05014198e-05]
430 ham [1.00000000e+00 4.96824499e-10]
431 ham [9.99066808e-01 9.33191632e-04]
432 spam [0.27668156 0.72331844]
433 spam [1.50030434e-13 1.00000000e+00]
434 spam [0.47005121 0.52994879]
435 ham [9.99999999e-01 6.94476428e-10]
436 ham [1.00000000e+00 5.31253086e-16]
437 ham [9.99981292e-01 1.87084135e-05]
438 ham [0.96562595 0.03437405]
439 ham [0.58761201 0.41238799]
440 ham [9.99999999e-01 1.44548740e-09]
441 ham [0.99435759 0.00564241]
442 ham [0.99259362 0.00740638]
443 ham [9.99999971e-01 2.90166184e-08]
444 ham [9.99999765e-01 2.35177205e-07]
445 spam [7.48986336e-05 9.99925101e-01]
446 ham [1.00000000e+00 1.76264828e-13]
447 ham [0.99307293 0.00692707]
448 ham [9.99999847e-01 1.52757416e-07]
449 ham [9.99091180e-01 9.08819908e-04]
450 ham [0.74242342 0.25757658]
451 ham [0.57197337 0.42802663]
452 ham [9.99999979e-01 2.09826882e-08]
453 ham [0.99896345 0.00103655]
454 ham [9.99999982e-01 1.77071893e-08]
455 spam [6.29038888e-06 9.99993710e-01]
456 ham [0.99867059 0.00132941]
457 ham [9.99845908e-01 1.54091994e-04]
458 ham [9.99999471e-01 5.28956753e-07]
459 ham [9.99459422e-01 5.40578067e-04]
460 ham [9.99902584e-01 9.74155101e-05]
461 ham [9.99984935e-01 1.50650702e-05]
462 ham [0.96054841 0.03945159]
463 spam [7.67264424e-16 1.00000000e+00]
464 ham [9.99999776e-01 2.24032893e-07]
465 ham [9.99998238e-01 1.76239625e-06]
466 ham [1.00000000e+00 4.12472975e-11]
467 ham [9.99942652e-01 5.73484564e-05]
468 ham [9.99862412e-01 1.37587572e-04]
469 ham [9.99931817e-01 6.81829982e-05]
470 ham [0.99766884 0.00233116]
471 spam [1.31444696e-10 1.00000000e+00]
472 ham [0.98278189 0.01721811]
473 ham [1.00000000e+00 1.06221748e-19]
474 spam [2.27742732e-20 1.00000000e+00]
475 spam [0.16185601 0.83814399]
476 ham [9.99998807e-01 1.19305919e-06]
477 ham [0.98673995 0.01326005]
478 ham [0.57033561 0.42966439]
479 ham [9.99999949e-01 5.07231824e-08]
480 ham [9.99999166e-01 8.34037275e-07]
481 ham [9.99822900e-01 1.77099924e-04]
482 ham [9.99999927e-01 7.27768194e-08]
483 ham [0.96293541 0.03706459]
484 ham [9.99800809e-01 1.99190779e-04]
485 spam [0.11517139 0.88482861]
486 ham [0.99625305 0.00374695]
487 spam [1.81653781e-11 1.00000000e+00]
488 ham [0.99359274 0.00640726]
489 ham [9.99997353e-01 2.64666170e-06]
490 ham [9.99999565e-01 4.35442324e-07]
491 ham [9.99999992e-01 8.29331312e-09]
492 spam [6.94225681e-26 1.00000000e+00]
493 ham [9.99993722e-01 6.27810406e-06]
494 ham [9.99999303e-01 6.96968943e-07]
495 ham [9.99937227e-01 6.27731385e-05]
496 spam [0.44808488 0.55191512]
497 ham [9.99999029e-01 9.70611799e-07]
498 ham [9.99634164e-01 3.65835817e-04]
499 spam [0.18016569 0.81983431]
500 ham [9.99729026e-01 2.70974411e-04]
501 ham [0.96790796 0.03209204]
502 ham [0.99678937 0.00321063]
503 ham [0.69214317 0.30785683]
504 spam [0.23751889 0.76248111]
505 spam [1.32732322e-15 1.00000000e+00]
506 ham [9.99999953e-01 4.65750055e-08]
507 ham [0.9464768 0.0535232]
508 ham [1.00000000e+00 7.65681188e-14]
509 ham [0.97520523 0.02479477]
510 spam [0.00123434 0.99876566]
511 ham [9.99999956e-01 4.40018889e-08]
512 ham [0.99780403 0.00219597]
513 ham [0.92130724 0.07869276]
514 spam [0.30674274 0.69325726]
515 spam [4.17993351e-15 1.00000000e+00]
516 spam [0.15189074 0.84810926]
517 spam [1.19397013e-10 1.00000000e+00]
518 spam [9.44225765e-06 9.99990558e-01]
519 ham [1.00000000e+00 4.65463262e-10]
520 ham [9.99999954e-01 4.61004023e-08]
521 ham [0.98554297 0.01445703]
522 ham [9.99991728e-01 8.27220573e-06]
523 ham [0.99220977 0.00779023]
524 ham [0.9989622 0.0010378]
525 spam [2.29873678e-17 1.00000000e+00]
526 ham [9.99447333e-01 5.52666560e-04]
527 spam [2.07167435e-09 9.99999998e-01]
528 ham [9.99066305e-01 9.33695312e-04]
529 spam [1.93090595e-04 9.99806909e-01]
530 ham [0.99646784 0.00353216]
531 spam [1.19317855e-17 1.00000000e+00]
532 spam [0.18725813 0.81274187]
533 ham [0.99845333 0.00154667]
534 ham [9.99781446e-01 2.18553985e-04]
535 ham [1.00000000e+00 2.09373142e-23]
536 ham [1.00000000e+00 1.00887622e-13]
537 ham [9.99999785e-01 2.14557028e-07]
538 ham [9.99991299e-01 8.70122615e-06]
539 ham [9.99102296e-01 8.97703686e-04]
540 ham [9.99779242e-01 2.20757904e-04]
541 spam [1.07410414e-12 1.00000000e+00]
542 spam [0.01524421 0.98475579]
543 ham [9.99998330e-01 1.66966624e-06]
544 spam [0.14540451 0.85459549]
545 ham [9.99999424e-01 5.75918264e-07]
546 ham [0.52102512 0.47897488]
547 ham [1.00000000e+00 1.15654777e-19]
548 ham [0.95918228 0.04081772]
549 ham [9.99998721e-01 1.27869394e-06]
550 ham [1.000000e+00 1.281705e-11]
551 ham [1.00000000e+00 1.56007433e-11]
552 ham [0.99676835 0.00323165]
553 ham [0.96960808 0.03039192]
554 ham [1.00000000e+00 2.95726244e-13]
555 ham [0.93933924 0.06066076]
556 spam [0.19642169 0.80357831]
557 ham [0.98766555 0.01233445]
558 ham [9.99999397e-01 6.02962825e-07]
559 ham [9.99999885e-01 1.15268332e-07]
560 ham [0.99288106 0.00711894]
561 ham [9.99315196e-01 6.84803785e-04]
562 ham [0.99809875 0.00190125]
563 ham [9.99999960e-01 4.00877201e-08]
564 spam [3.00617713e-24 1.00000000e+00]
565 ham [1.00000000e+00 1.93846958e-26]
566 ham [0.92097822 0.07902178]
567 ham [0.96966958 0.03033042]
568 ham [1.00000000e+00 7.53324871e-16]
569 ham [9.99996453e-01 3.54663423e-06]
570 spam [0.39492046 0.60507954]
571 ham [9.99999994e-01 5.56137643e-09]
572 ham [9.99990323e-01 9.67730931e-06]
573 ham [0.99573642 0.00426358]
574 ham [0.53619112 0.46380888]
575 ham [0.94475325 0.05524675]
576 spam [6.26935777e-15 1.00000000e+00]
577 ham [1.000000e+00 4.419331e-13]
578 ham [9.99991244e-01 8.75557768e-06]
579 spam [2.35887265e-09 9.99999998e-01]
580 ham [0.98056899 0.01943101]
581 ham [0.98179259 0.01820741]
582 ham [9.99998818e-01 1.18237968e-06]
583 spam [1.06555209e-14 1.00000000e+00]
584 ham [9.99999537e-01 4.62868671e-07]
585 ham [9.99858278e-01 1.41721870e-04]
586 ham [9.99924131e-01 7.58692883e-05]
587 ham [9.99442069e-01 5.57930537e-04]
588 ham [0.50765769 0.49234231]
589 spam [0.36092004 0.63907996]
590 ham [9.99998198e-01 1.80182145e-06]
591 spam [2.06861698e-16 1.00000000e+00]
592 spam [1.974121e-16 1.000000e+00]
593 spam [7.89408083e-15 1.00000000e+00]
594 ham [0.94559587 0.05440413]
595 ham [0.95366218 0.04633782]
596 ham [9.99964533e-01 3.54667077e-05]
597 ham [9.99934363e-01 6.56372662e-05]
598 spam [3.23925978e-07 9.99999676e-01]
599 ham [0.93933761 0.06066239]
600 ham [9.99997289e-01 2.71104982e-06]
601 spam [0.00194064 0.99805936]
602 ham [9.99999999e-01 1.03516904e-09]
603 ham [0.94543808 0.05456192]
604 ham [9.99980672e-01 1.93277157e-05]
605 ham [0.97421098 0.02578902]
606 ham [0.96473974 0.03526026]
607 spam [2.24262379e-06 9.99997757e-01]
608 ham [9.99999883e-01 1.16961816e-07]
609 ham [0.95991582 0.04008418]
610 ham [9.99957357e-01 4.26434487e-05]
611 spam [7.08798378e-06 9.99992912e-01]
612 ham [9.99959465e-01 4.05352216e-05]
613 ham [0.98344957 0.01655043]
614 spam [4.30525693e-04 9.99569474e-01]
615 ham [0.99226953 0.00773047]
616 ham [9.99999954e-01 4.60592846e-08]
617 ham [9.99999954e-01 4.63123048e-08]
618 ham [0.98462686 0.01537314]
619 ham [0.9660023 0.0339977]
620 ham [0.72833778 0.27166222]
621 ham [1.00000000e+00 4.54220622e-10]
622 ham [0.88610133 0.11389867]
623 spam [0.191153 0.808847]
624 ham [9.99999391e-01 6.08891077e-07]
625 ham [9.99947133e-01 5.28674698e-05]
626 ham [9.99851484e-01 1.48515912e-04]
627 ham [9.99452694e-01 5.47306096e-04]
628 ham [9.99999999e-01 1.38225798e-09]
629 spam [3.21960603e-07 9.99999678e-01]
630 spam [1.6405319e-11 1.0000000e+00]
631 ham [9.99978816e-01 2.11840207e-05]
632 spam [0.42601826 0.57398174]
633 ham [9.99996354e-01 3.64553926e-06]
634 ham [0.59449914 0.40550086]
635 spam [1.42172036e-16 1.00000000e+00]
636 ham [0.99513334 0.00486666]
637 ham [9.99999492e-01 5.08094739e-07]
638 ham [0.96152449 0.03847551]
639 ham [9.99270037e-01 7.29962867e-04]
640 ham [0.98259757 0.01740243]
641 ham [1.00000000e+00 2.95273743e-13]
642 ham [9.99999968e-01 3.20946621e-08]
643 ham [9.99061465e-01 9.38534521e-04]
644 ham [0.99724875 0.00275125]
645 ham [0.99421742 0.00578258]
646 ham [9.99562899e-01 4.37101207e-04]
647 ham [9.99999999e-01 5.57176081e-10]
648 spam [2.11254653e-14 1.00000000e+00]
649 ham [0.99887212 0.00112788]
650 spam [1.47724937e-22 1.00000000e+00]
651 spam [0.49777379 0.50222621]
652 ham [9.99999997e-01 2.81234055e-09]
653 ham [9.99999447e-01 5.53386919e-07]
654 ham [9.99979186e-01 2.08139389e-05]
655 ham [9.99983462e-01 1.65379437e-05]
656 ham [0.95477715 0.04522285]
657 ham [9.99999999e-01 1.10076609e-09]
658 ham [9.99999852e-01 1.47853241e-07]
659 ham [9.99974327e-01 2.56732407e-05]
660 spam [0.01241188 0.98758812]
661 ham [0.97829101 0.02170899]
662 ham [0.57089217 0.42910783]
663 ham [0.99832959 0.00167041]
664 ham [0.75748261 0.24251739]
665 ham [0.98472524 0.01527476]
666 spam [0.08140827 0.91859173]
667 ham [1.00000000e+00 3.82272677e-12]
668 ham [9.99986782e-01 1.32183470e-05]
669 ham [0.99848383 0.00151617]
670 ham [0.97247474 0.02752526]
671 spam [0.17590244 0.82409756]
672 spam [6.07696791e-07 9.99999392e-01]
673 spam [6.48514355e-11 1.00000000e+00]
674 ham [1.00000000e+00 1.05627661e-20]
675 ham [1.00000000e+00 2.78745931e-13]
676 ham [9.99879760e-01 1.20240419e-04]
677 ham [0.76744191 0.23255809]
678 ham [9.99999999e-01 1.23091051e-09]
679 ham [9.99553727e-01 4.46272737e-04]
680 ham [1.0000000e+00 8.4621073e-11]
681 ham [0.98434775 0.01565225]
682 ham [0.86618183 0.13381817]
683 ham [0.97428143 0.02571857]
684 ham [9.99999999e-01 7.02116080e-10]
685 ham [9.99999970e-01 3.04372241e-08]
686 ham [0.99397575 0.00602425]
687 spam [0.00195415 0.99804585]
688 ham [9.99999989e-01 1.08418862e-08]
689 ham [0.99839767 0.00160233]
690 spam [0.10781885 0.89218115]
691 ham [0.64425253 0.35574747]
692 spam [0.4717438 0.5282562]
693 ham [9.99999857e-01 1.42600626e-07]
694 ham [9.99053092e-01 9.46908363e-04]
695 ham [9.99996885e-01 3.11508824e-06]
696 ham [0.99839479 0.00160521]
697 ham [0.99806682 0.00193318]
698 ham [9.99999959e-01 4.05254147e-08]
699 ham [0.99578846 0.00421154]
700 spam [0.34449146 0.65550854]
701 ham [0.99798551 0.00201449]
702 ham [9.99999917e-01 8.26608675e-08]
703 ham [0.97744121 0.02255879]
704 ham [9.99999830e-01 1.69810451e-07]
705 ham [9.99999892e-01 1.07578909e-07]
706 ham [9.99999981e-01 1.85805168e-08]
707 ham [9.99461310e-01 5.38690218e-04]
708 ham [0.99701853 0.00298147]
709 spam [1.46105249e-09 9.99999999e-01]
710 spam [9.99541539e-25 1.00000000e+00]
711 ham [0.64377418 0.35622582]
712 ham [1.00000000e+00 7.93413597e-16]
713 spam [2.00659344e-04 9.99799341e-01]
714 ham [9.99999733e-01 2.66629632e-07]
715 ham [9.99988213e-01 1.17872911e-05]
716 ham [9.99998229e-01 1.77095979e-06]
717 spam [1.02094119e-15 1.00000000e+00]
718 ham [1.0000000e+00 2.6755853e-12]
719 spam [1.42340369e-24 1.00000000e+00]
720 ham [1.0000000e+00 3.1232169e-10]
721 ham [0.99781146 0.00218854]
722 ham [0.97925894 0.02074106]
723 ham [0.82447914 0.17552086]
724 ham [0.8316049 0.1683951]
725 ham [1.00000000e+00 1.69141886e-19]
726 ham [0.75521807 0.24478193]
727 ham [1.00000000e+00 7.42782004e-17]
728 ham [0.93718989 0.06281011]
729 ham [0.86476979 0.13523021]
730 ham [9.99508884e-01 4.91115878e-04]
731 spam [6.71514938e-04 9.99328485e-01]
732 ham [0.99684898 0.00315102]
733 ham [9.99999554e-01 4.46372465e-07]
734 ham [0.97220354 0.02779646]
735 ham [0.94749467 0.05250533]
736 ham [9.99686669e-01 3.13330707e-04]
737 ham [9.99882330e-01 1.17670287e-04]
738 spam [1.34868733e-15 1.00000000e+00]
739 ham [9.99801622e-01 1.98378397e-04]
740 ham [0.99529205 0.00470795]
741 ham [9.99999728e-01 2.72264776e-07]
742 ham [0.99854641 0.00145359]
743 ham [1.00000000e+00 3.02240488e-20]
744 ham [0.94820352 0.05179648]
745 ham [0.70139939 0.29860061]
746 ham [0.99849578 0.00150422]
747 ham [1.00000000e+00 4.88731421e-11]
748 spam [0.26165703 0.73834297]
749 ham [9.99999998e-01 2.23799915e-09]
