0 ham [9.99814777e-01 1.85223489e-04]
1 ham [9.99791316e-01 2.08683948e-04]
2 spam [1.83437817e-27 1.00000000e+00]
3 ham [9.99999874e-01 1.26410332e-07]
4 ham [9.99999991e-01 8.82610775e-09]
5 ham [9.99944601e-01 5.53985051e-05]
6 ham [9.99981135e-01 1.88647579e-05]
7 ham [1.00000000e+00 6.39566183e-23]
8 spam [6.40422362e-27 1.00000000e+00]
9 spam [7.55838399e-26 1.00000000e+00]
10 ham [1.00000000e+00 8.44714486e-22]
11 spam [6.09393559e-29 1.00000000e+00]
12 spam [9.16041118e-36 1.00000000e+00]
13 ham [1.00000000e+00 2.36894744e-11]
14 spam [0.46530291 0.53469709]
15 spam [7.49894109e-11 1.00000000e+00]
16 ham [1.000000e+00 8.157089e-13]
17 ham [9.99814732e-01 1.85268007e-04]
18 ham [9.99998621e-01 1.37912199e-06]
19 spam [1.78553275e-25 1.00000000e+00]
20 ham [0.99411733 0.00588267]
21 ham [0.5684854 0.4315146]
22 ham [9.99970108e-01 2.98916109e-05]
23 ham [1.00000000e+00 1.83849511e-10]
24 ham [9.99917436e-01 8.25635772e-05]
25 ham [9.99999999e-01 1.00819380e-09]
26 ham [0.96093725 0.03906275]
27 ham [1.00000000e+00 2.56742377e-12]
28 ham [1.00000000e+00 3.19977117e-30]
29 ham [9.99347955e-01 6.52044801e-04]
30 ham [1.00000000e+00 2.81245509e-19]
31 ham [9.99999993e-01 6.51079165e-09]
32 ham [9.99878118e-01 1.21882004e-04]
33 ham [0.97906885 0.02093115]
34 spam [6.28102860e-09 9.99999994e-01]
35 ham [1.00000000e+00 8.59743325e-11]
36 ham [1.00000000e+00 1.00091848e-16]
37 ham [9.99164352e-01 8.35647563e-04]
38 ham [9.99965278e-01 3.47220982e-05]
39 ham [1.0000000e+00 1.6255138e-16]
40 ham [9.99999999e-01 1.34087049e-09]
41 ham [1.00000000e+00 1.07885726e-23]
42 spam [2.07007518e-20 1.00000000e+00]
43 ham [0.97866296 0.02133704]
44 ham [1.00000000e+00 3.30507994e-21]
45 ham [9.99997319e-01 2.68080670e-06]
46 ham [9.99944947e-01 5.50528523e-05]
47 ham [0.98668133 0.01331867]
48 ham [1.00000000e+00 1.30280639e-10]
49 ham [1.00000000e+00 1.32349886e-16]
50 ham [9.99999995e-01 4.72103670e-09]
51 ham [1.00000000e+00 4.69228451e-28]
52 ham [9.99278206e-01 7.21793864e-04]
53 ham [1.00000000e+00 3.11256662e-43]
54 spam [4.39571642e-11 1.00000000e+00]
55 ham [1.00000000e+00 3.25240825e-10]
56 spam [9.04163641e-52 1.00000000e+00]
57 ham [1.00000000e+00 3.30179311e-15]
58 ham [0.9936334 0.0063666]
59 ham [0.89266448 0.10733552]
60 ham [1.00000000e+00 2.96549471e-10]
61 ham [0.67451143 0.32548857]
62 ham [0.76776551 0.23223449]
63 ham [9.99999877e-01 1.23075750e-07]
64 ham [9.99999121e-01 8.79180650e-07]
65 spam [9.32014735e-06 9.99990680e-01]
66 ham [9.99999510e-01 4.90012895e-07]
67 spam [2.62438934e-29 1.00000000e+00]
68 ham [0.98890477 0.01109523]
69 ham [0.96659716 0.03340284]
70 ham [9.99999213e-01 7.87427550e-07]
71 ham [9.99954158e-01 4.58421763e-05]
72 spam [0.11362207 0.88637793]
73 ham [1.00000000e+00 8.38273204e-13]
74 ham [9.99984450e-01 1.55495814e-05]
75 ham [0.9469392 0.0530608]
76 ham [1.00000000e+00 1.72439952e-11]
77 ham [9.99999836e-01 1.64314646e-07]
78 ham [1.00000000e+00 4.11409524e-16]
79 ham [9.99999999e-01 5.31839615e-10]
80 ham [1.00000000e+00 1.35525309e-14]
81 ham [9.99999133e-01 8.66975662e-07]
82 ham [9.99999986e-01 1.42946260e-08]
83 ham [9.99999996e-01 4.21487072e-09]
84 spam [0.25678354 0.74321646]
85 ham [9.99999989e-01 1.08587123e-08]
86 ham [9.99999999e-01 1.43007500e-09]
87 ham [9.99999999e-01 5.78547751e-10]
88 ham [9.99999908e-01 9.19235580e-08]
89 spam [0.24871527 0.75128473]
90 spam [0.47136483 0.52863517]
91 ham [1.00000000e+00 1.80299843e-17]
92 spam [0.00628209 0.99371791]
93 spam [1.64811635e-38 1.00000000e+00]
94 ham [9.99985574e-01 1.44261288e-05]
95 spam [8.30183619e-14 1.00000000e+00]
96 ham [0.99589055 0.00410945]
97 ham [9.99989019e-01 1.09812707e-05]
98 ham [9.99907614e-01 9.23858759e-05]
99 ham [0.98616524 0.01383476]
100 ham [9.99999994e-01 5.65893894e-09]
101 ham [0.82867172 0.17132828]
102 ham [9.99999987e-01 1.30007214e-08]
103 ham [1.00000000e+00 6.78583747e-12]
104 ham [1.00000000e+00 3.18596637e-12]
105 ham [9.99928132e-01 7.18679468e-05]
106 ham [0.72629528 0.27370472]
107 ham [1.00000000e+00 7.64563942e-11]
108 ham [9.99446109e-01 5.53890830e-04]
109 ham [9.99934470e-01 6.55301993e-05]
110 ham [9.99997997e-01 2.00269885e-06]
111 ham [0.98742629 0.01257371]
112 ham [0.90222645 0.09777355]
113 ham [1.00000000e+00 8.30227277e-13]
114 spam [2.93723635e-48 1.00000000e+00]
115 ham [1.000000e+00 4.394286e-16]
116 ham [1.00000000e+00 1.73626041e-26]
117 spam [2.92162167e-40 1.00000000e+00]
118 spam [3.36275035e-07 9.99999664e-01]
119 ham [9.99999997e-01 3.11280422e-09]
120 spam [6.08993935e-21 1.00000000e+00]
121 spam [4.2588058e-33 1.0000000e+00]
122 ham [0.97010431 0.02989569]
123 spam [3.44964332e-19 1.00000000e+00]
124 ham [9.99615349e-01 3.84650513e-04]
125 ham [9.99930117e-01 6.98829995e-05]
126 ham [0.99871381 0.00128619]
127 ham [1.00000000e+00 1.51564024e-27]
128 ham [9.99972601e-01 2.73987953e-05]
129 spam [4.64620505e-05 9.99953538e-01]
130 ham [9.99999999e-01 8.17826654e-10]
131 ham [9.99999553e-01 4.46736357e-07]
132 ham [0.9280833 0.0719167]
133 ham [0.84282714 0.15717286]
134 spam [8.03425613e-09 9.99999992e-01]
135 spam [7.04560499e-41 1.00000000e+00]
136 spam [0.01780703 0.98219297]
137 ham [9.99925498e-01 7.45020950e-05]
138 ham [0.99656341 0.00343659]
139 spam [8.09891302e-04 9.99190109e-01]
140 ham [1.00000000e+00 4.46063191e-14]
141 ham [1.00000000e+00 6.57435979e-13]
142 ham [0.73005421 0.26994579]
143 spam [0.21818988 0.78181012]
144 ham [9.99999572e-01 4.27756932e-07]
145 ham [0.97694619 0.02305381]
146 spam [0.27916876 0.72083124]
147 ham [0.96076622 0.03923378]
148 ham [0.96893925 0.03106075]
149 ham [9.99996547e-01 3.45252202e-06]
150 ham [9.99952311e-01 4.76890036e-05]
151 ham [1.00000000e+00 6.87705479e-11]
152 ham [0.99610066 0.00389934]
153 ham [0.99899799 0.00100201]
154 ham [1.00000000e+00 6.78583747e-12]
155 ham [1.00000000e+00 7.75252734e-31]
156 ham [9.99375187e-01 6.24812953e-04]
157 ham [9.99999991e-01 8.74943391e-09]
158 ham [1.00000000e+00 1.99863704e-28]
159 spam [1.60535922e-07 9.99999839e-01]
160 spam [3.61534234e-36 1.00000000e+00]
161 ham [1.00000000e+00 4.43637146e-17]
162 ham [9.99989273e-01 1.07265883e-05]
163 ham [1.00000000e+00 2.49912396e-20]
164 spam [6.89588842e-27 1.00000000e+00]
165 spam [3.02246522e-09 9.99999997e-01]
166 spam [0.20151842 0.79848158]
167 spam [6.82792436e-39 1.00000000e+00]
168 ham [0.82605557 0.17394443]
169 ham [0.92707781 0.07292219]
170 ham [0.98793385 0.01206615]
171 ham [9.99679805e-01 3.20194634e-04]
172 ham [9.99999998e-01 2.24784605e-09]
173 ham [9.99991779e-01 8.22063948e-06]
174 ham [9.99678639e-01 3.21361111e-04]
175 ham [1.00000000e+00 8.50684962e-20]
176 ham [1.00000000e+00 4.96119547e-16]
177 ham [0.99794001 0.00205999]
178 ham [1.00000000e+00 6.59461472e-36]
179 ham [9.99999998e-01 2.44979928e-09]
180 ham [0.99344187 0.00655813]
181 ham [1.00000000e+00 2.90451112e-10]
182 ham [0.99789114 0.00210886]
183 ham [1.00000000e+00 6.63257486e-12]
184 ham [0.9970443 0.0029557]
185 ham [0.98724963 0.01275037]
186 ham [9.99999163e-01 8.36719683e-07]
187 ham [9.99445072e-01 5.54928367e-04]
188 spam [2.42462339e-36 1.00000000e+00]
189 ham [9.99999768e-01 2.31567195e-07]
190 ham [9.99999999e-01 7.62860689e-10]
191 spam [1.0021071e-08 9.9999999e-01]
192 ham [1.00000000e+00 2.61230024e-25]
193 ham [0.99765413 0.00234587]
194 spam [0.25631494 0.74368506]
195 ham [1.00000000e+00 4.55391211e-11]
196 ham [9.99863286e-01 1.36714455e-04]
197 ham [9.99999455e-01 5.45307301e-07]
198 ham [0.76247791 0.23752209]
199 ham [1.0000000e+00 2.4286185e-16]
200 ham [1.00000000e+00 4.02672914e-18]
201 ham [1.00000000e+00 7.24984363e-15]
202 ham [9.99993551e-01 6.44882336e-06]
203 ham [1.00000000e+00 4.41249752e-28]
204 ham [0.64392794 0.35607206]
205 ham [0.98542292 0.01457708]
206 ham [9.99997056e-01 2.94447969e-06]
207 ham [1.00000000e+00 1.17220118e-26]
208 spam [0.19277822 0.80722178]
209 ham [9.99999995e-01 5.49572320e-09]
210 ham [9.99534891e-01 4.65109040e-04]
211 ham [9.99999999e-01 7.71185647e-10]
212 ham [9.99401573e-01 5.98427311e-04]
213 ham [9.99999966e-01 3.36462525e-08]
214 ham [9.99384894e-01 6.15105843e-04]
215 ham [9.99992303e-01 7.69651000e-06]
216 spam [0.00998035 0.99001965]
217 ham [9.99983117e-01 1.68827293e-05]
218 ham [9.99142244e-01 8.57755560e-04]
219 ham [0.99648735 0.00351265]
220 ham [1.0000000e+00 1.0718183e-23]
221 ham [9.99792436e-01 2.07563844e-04]
222 ham [0.99891431 0.00108569]
223 ham [1.00000000e+00 3.75654763e-15]
224 ham [9.99995749e-01 4.25063437e-06]
225 spam [3.89641396e-32 1.00000000e+00]
226 ham [9.99999918e-01 8.24527774e-08]
227 spam [5.05378160e-10 9.99999999e-01]
228 spam [0.15102168 0.84897832]
229 ham [9.99999605e-01 3.95115853e-07]
230 ham [9.99855676e-01 1.44324071e-04]
231 ham [1.00000000e+00 1.75094524e-12]
232 ham [0.95001241 0.04998759]
233 ham [9.99996482e-01 3.51774507e-06]
234 ham [9.99973335e-01 2.66654221e-05]
235 spam [2.25773748e-14 1.00000000e+00]
236 ham [1.00000000e+00 2.33175417e-16]
237 ham [9.99879716e-01 1.20283821e-04]
238 ham [9.99999791e-01 2.08748790e-07]
239 ham [1.00000000e+00 1.30512434e-12]
240 spam [3.67439380e-07 9.99999633e-01]
241 ham [9.99960631e-01 3.93691630e-05]
242 spam [0.03800127 0.96199873]
243 ham [9.99487642e-01 5.12358286e-04]
244 ham [1.00000000e+00 2.69809654e-28]
245 ham [9.99999755e-01 2.45411540e-07]
246 ham [1.00000000e+00 7.34400718e-14]
247 ham [0.61903016 0.38096984]
248 spam [0.00788801 0.99211199]
249 ham [1.00000000e+00 8.56676714e-11]
250 spam [4.26391504e-51 1.00000000e+00]
251 spam [0.00188683 0.99811317]
252 ham [0.9560393 0.0439607]
253 ham [1.00000000e+00 5.16318898e-11]
254 spam [0.00228111 0.99771889]
255 ham [1.00000000e+00 2.94889845e-15]
256 ham [1.00000000e+00 1.61491567e-11]
257 ham [0.98608102 0.01391898]
258 ham [1.00000000e+00 1.81283807e-10]
259 spam [7.73871418e-21 1.00000000e+00]
260 ham [9.99998786e-01 1.21433428e-06]
261 ham [0.8562963 0.1437037]
262 ham [1.00000000e+00 4.40941367e-13]
263 spam [4.45097892e-04 9.99554902e-01]
264 spam [1.56888238e-08 9.99999984e-01]
265 ham [0.984529 0.015471]
266 spam [0.30145995 0.69854005]
267 ham [0.998901 0.001099]
268 spam [1.40495714e-34 1.00000000e+00]
269 ham [0.97735402 0.02264598]
270 spam [5.01903925e-12 1.00000000e+00]
271 ham [0.98004186 0.01995814]
272 ham [0.96324372 0.03675628]
273 spam [7.3726947e-21 1.0000000e+00]
274 ham [0.9984292 0.0015708]
275 ham [0.80006405 0.19993595]
276 ham [0.99682103 0.00317897]
277 spam [0.28855373 0.71144627]
278 ham [1.00000000e+00 2.42912815e-14]
279 ham [9.99999940e-01 6.01119616e-08]
280 ham [0.97776497 0.02223503]
281 ham [0.98768721 0.01231279]
282 ham [9.99983319e-01 1.66807381e-05]
283 ham [9.99560413e-01 4.39586638e-04]
284 ham [0.99682103 0.00317897]
285 ham [1.00000000e+00 2.31680722e-18]
286 ham [9.99995949e-01 4.05082292e-06]
287 ham [0.99706656 0.00293344]
288 ham [9.99999995e-01 4.91591425e-09]
289 ham [1.0000000e+00 4.0292719e-11]
290 ham [0.97816618 0.02183382]
291 ham [0.91343984 0.08656016]
292 ham [0.9962343 0.0037657]
293 ham [0.99552068 0.00447932]
294 ham [0.9973827 0.0026173]
295 spam [0.07476057 0.92523943]
296 spam [3.26601767e-30 1.00000000e+00]
297 ham [9.99919529e-01 8.04708842e-05]
298 ham [1.00000000e+00 4.06353238e-20]
299 ham [0.78721126 0.21278874]
300 ham [1.00000000e+00 3.66912123e-12]
301 ham [9.99875696e-01 1.24303986e-04]
302 ham [9.99976510e-01 2.34901844e-05]
303 ham [9.99970293e-01 2.97070771e-05]
304 ham [0.95193946 0.04806054]
305 spam [1.38827878e-28 1.00000000e+00]
306 ham [1.00000000e+00 1.08881766e-10]
307 ham [9.99188416e-01 8.11584224e-04]
308 ham [9.99737817e-01 2.62182941e-04]
309 spam [1.32413154e-11 1.00000000e+00]
310 ham [0.99571009 0.00428991]
311 spam [1.20364987e-06 9.99998796e-01]
312 spam [3.89720973e-25 1.00000000e+00]
313 ham [1.00000000e+00 6.86201986e-21]
314 ham [9.99997832e-01 2.16825097e-06]
315 ham [1.00000000e+00 1.09304863e-10]
316 ham [0.99745481 0.00254519]
317 ham [9.99999839e-01 1.61124601e-07]
318 ham [9.99998095e-01 1.90499344e-06]
319 spam [8.69484883e-30 1.00000000e+00]
320 ham [9.99997315e-01 2.68536449e-06]
321 ham [9.99986664e-01 1.33363967e-05]
322 ham [9.99998274e-01 1.72608423e-06]
323 spam [2.22301091e-05 9.99977770e-01]
324 ham [9.99999999e-01 1.29245496e-09]
325 ham [9.99999887e-01 1.13354970e-07]
326 ham [9.99996921e-01 3.07947672e-06]
327 ham [9.99945915e-01 5.40847466e-05]
328 ham [1.00000000e+00 1.30066794e-12]
329 ham [9.99999999e-01 1.47708244e-09]
330 ham [1.00000000e+00 3.58015418e-12]
331 ham [9.99884490e-01 1.15510498e-04]
332 ham [0.99887771 0.00112229]
333 spam [4.2342004e-14 1.0000000e+00]
334 spam [0.05348258 0.94651742]
335 spam [5.28025414e-20 1.00000000e+00]
336 ham [9.99839473e-01 1.60527133e-04]
337 ham [0.99849399 0.00150601]
338 ham [0.98727915 0.01272085]
339 ham [1.00000000e+00 2.80325775e-14]
340 ham [0.99216965 0.00783035]
341 ham [9.99999240e-01 7.60185594e-07]
342 spam [0.03186177 0.96813823]
343 ham [0.84572552 0.15427448]
344 ham [9.99993748e-01 6.25213847e-06]
345 spam [0.45897416 0.54102584]
346 ham [9.99997608e-01 2.39153489e-06]
347 ham [0.99500404 0.00499596]
348 ham [0.53045843 0.46954157]
349 spam [1.95298413e-11 1.00000000e+00]
350 ham [9.99999020e-01 9.79608034e-07]
351 ham [1.00000000e+00 1.01692251e-13]
352 ham [1.00000000e+00 1.19872999e-17]
353 ham [9.99999999e-01 7.10277550e-10]
354 ham [0.98734852 0.01265148]
355 ham [1.00000000e+00 8.93912668e-13]
356 ham [9.99932376e-01 6.76243626e-05]
357 spam [1.12217366e-50 1.00000000e+00]
358 spam [5.22304821e-32 1.00000000e+00]
359 ham [1.0000000e+00 1.0154495e-24]
360 ham [0.98621995 0.01378005]
361 spam [0.04798451 0.95201549]
362 ham [9.99923311e-01 7.66890710e-05]
363 ham [0.94005404 0.05994596]
364 ham [9.99968312e-01 3.16881469e-05]
365 ham [1.00000000e+00 2.40729655e-15]
366 ham [9.99999999e-01 7.24008064e-10]
367 spam [1.95246352e-20 1.00000000e+00]
368 spam [5.47189189e-17 1.00000000e+00]
369 ham [0.91804624 0.08195376]
370 ham [1.00000000e+00 1.05505889e-10]
371 ham [1.00000000e+00 2.66721322e-22]
372 ham [9.99999089e-01 9.11475454e-07]
373 ham [1.00000000e+00 2.14481252e-24]
374 ham [1.00000000e+00 6.11367249e-19]
375 spam [5.31052054e-08 9.99999947e-01]
376 ham [0.99884198 0.00115802]
377 ham [9.99999893e-01 1.07406970e-07]
378 ham [0.98699581 0.01300419]
379 ham [0.98363956 0.01636044]
380 ham [9.99999976e-01 2.35360345e-08]
381 ham [1.00000000e+00 2.23870181e-39]
382 ham [9.99944571e-01 5.54288437e-05]
383 ham [9.99970217e-01 2.97829752e-05]
384 ham [9.99999738e-01 2.62256918e-07]
385 spam [1.12266875e-15 1.00000000e+00]
386 spam [0.03090621 0.96909379]
387 ham [9.99992338e-01 7.66203381e-06]
388 ham [9.99964773e-01 3.52270911e-05]
389 spam [1.14888065e-35 1.00000000e+00]
390 ham [9.99990864e-01 9.13646326e-06]
391 ham [9.99977473e-01 2.25269740e-05]
392 ham [9.99410415e-01 5.89585173e-04]
393 ham [9.99984243e-01 1.57567808e-05]
394 ham [1.00000000e+00 1.81845317e-15]
395 ham [0.99800591 0.00199409]
396 spam [0.30423295 0.69576705]
397 ham [9.99811603e-01 1.88396704e-04]
398 ham [1.00000000e+00 3.18031907e-13]
399 ham [0.99872469 0.00127531]
400 ham [9.99999998e-01 1.58856364e-09]
401 spam [7.87804984e-20 1.00000000e+00]
402 ham [9.99775451e-01 2.24549244e-04]
403 spam [0.31877143 0.68122857]
404 ham [9.99999878e-01 1.21594566e-07]
405 ham [1.00000000e+00 8.88486842e-16]
406 ham [9.99643566e-01 3.56433822e-04]
407 ham [9.99996387e-01 3.61321213e-06]
408 ham [0.97745469 0.02254531]
409 ham [0.71777352 0.28222648]
410 spam [1.04189756e-12 1.00000000e+00]
411 ham [9.99889370e-01 1.10629666e-04]
412 ham [9.99960457e-01 3.95434871e-05]
413 ham [1.00000000e+00 6.75410505e-11]
414 ham [0.79965907 0.20034093]
415 spam [2.23921912e-05 9.99977608e-01]
416 ham [9.99302727e-01 6.97272960e-04]
417 ham [0.99604275 0.00395725]
418 spam [6.83266071e-24 1.00000000e+00]
419 ham [1.00000000e+00 2.95984318e-12]
420 spam [1.24646233e-25 1.00000000e+00]
421 ham [9.99997149e-01 2.85087731e-06]
422 spam [3.71444488e-17 1.00000000e+00]
423 spam [0.19112359 0.80887641]
424 spam [7.30127465e-28 1.00000000e+00]
425 ham [1.00000000e+00 5.36673906e-20]
426 ham [9.99999999e-01 7.53565499e-10]
427 ham [9.99999986e-01 1.40589441e-08]
428 spam [0.26068707 0.73931293]
429 ham [9.99999401e-01 5.99052403e-07]
430 ham [1.0000000e+00 1.8772895e-27]
431 ham [9.99896985e-01 1.03015207e-04]
432 spam [0.00812428 0.99187572]
433 spam [1.08736663e-26 1.00000000e+00]
434 ham [0.57559714 0.42440286]
435 ham [1.00000000e+00 6.51669126e-23]
436 ham [1.00000000e+00 9.72840543e-41]
437 ham [9.99999930e-01 7.02732876e-08]
438 ham [0.90267885 0.09732115]
439 spam [0.00156956 0.99843044]
440 ham [9.99999999e-01 1.21501885e-09]
441 ham [9.99999038e-01 9.62223703e-07]
442 ham [0.99112513 0.00887487]
443 ham [1.00000000e+00 2.69151079e-14]
444 ham [1.00000000e+00 4.30578791e-14]
445 spam [4.79808523e-07 9.99999520e-01]
446 ham [1.0000000e+00 1.0627716e-17]
447 ham [0.99767476 0.00232524]
448 ham [9.99996523e-01 3.47702938e-06]
449 ham [0.99785002 0.00214998]
450 ham [0.99690224 0.00309776]
451 spam [0.26678341 0.73321659]
452 ham [9.99999946e-01 5.42819984e-08]
453 ham [9.99999801e-01 1.99362155e-07]
454 ham [9.99995961e-01 4.03935258e-06]
455 spam [6.25925423e-11 1.00000000e+00]
456 ham [0.98675135 0.01324865]
457 ham [0.93863924 0.06136076]
458 ham [9.99999913e-01 8.72982212e-08]
459 ham [0.96765794 0.03234206]
460 ham [9.99331676e-01 6.68324175e-04]
461 ham [9.99815075e-01 1.84925368e-04]
462 ham [0.52402616 0.47597384]
463 spam [3.46940964e-29 1.00000000e+00]
464 ham [1.00000000e+00 4.10637404e-14]
465 ham [9.9999862e-01 1.3803061e-06]
466 ham [1.00000000e+00 4.91724244e-18]
467 ham [9.99999910e-01 8.97089762e-08]
468 ham [9.99563906e-01 4.36093715e-04]
469 ham [9.99999929e-01 7.13990097e-08]
470 ham [0.99132108 0.00867892]
471 spam [4.2155661e-23 1.0000000e+00]
472 ham [0.94929092 0.05070908]
473 ham [1.00000000e+00 5.60553792e-33]
474 spam [1.51865006e-40 1.00000000e+00]
475 ham [9.99997429e-01 2.57124832e-06]
476 ham [9.99999990e-01 9.56557924e-09]
477 ham [9.99997529e-01 2.47113455e-06]
478 ham [0.99572314 0.00427686]
479 ham [1.00000000e+00 2.07376341e-12]
480 ham [9.99998129e-01 1.87115771e-06]
481 ham [9.99882602e-01 1.17398302e-04]
482 ham [9.99999985e-01 1.50189848e-08]
483 ham [9.99935912e-01 6.40878597e-05]
484 ham [9.99958338e-01 4.16620985e-05]
485 spam [0.01486199 0.98513801]
486 ham [0.98158603 0.01841397]
487 spam [9.08118398e-17 1.00000000e+00]
488 ham [0.9441133 0.0558867]
489 ham [0.95285906 0.04714094]
490 ham [1.00000000e+00 1.97675601e-10]
491 ham [9.99999964e-01 3.55074881e-08]
492 spam [3.00798024e-51 1.00000000e+00]
493 ham [1.00000000e+00 2.98965166e-11]
494 ham [1.00000000e+00 9.27281424e-16]
495 ham [9.99996152e-01 3.84825860e-06]
496 ham [0.97818983 0.02181017]
497 ham [9.99999991e-01 9.37213454e-09]
498 ham [0.98259127 0.01740873]
499 spam [0.24207979 0.75792021]
500 ham [9.99467509e-01 5.32490584e-04]
501 spam [1.06731674e-05 9.99989327e-01]
502 ham [0.99889649 0.00110351]
503 ham [0.55221148 0.44778852]
504 spam [0.3840211 0.6159789]
505 spam [8.21161626e-28 1.00000000e+00]
506 ham [9.99999999e-01 8.18627233e-10]
507 ham [0.78467382 0.21532618]
508 ham [1.00000000e+00 5.38461815e-20]
509 ham [0.99880996 0.00119004]
510 spam [1.28972293e-06 9.99998710e-01]
511 ham [9.99996522e-01 3.47803554e-06]
512 ham [1.00000000e+00 1.85656239e-14]
513 ham [0.95023973 0.04976027]
514 ham [0.98857618 0.01142382]
515 spam [1.39401948e-35 1.00000000e+00]
516 ham [0.93957509 0.06042491]
517 spam [3.08781923e-22 1.00000000e+00]
518 spam [1.23752611e-12 1.00000000e+00]
519 ham [9.99999534e-01 4.65868538e-07]
520 ham [9.99999999e-01 1.16619748e-09]
521 ham [9.99761980e-01 2.38020485e-04]
522 ham [9.99974474e-01 2.55260780e-05]
523 ham [0.97309583 0.02690417]
524 ham [9.99965554e-01 3.44459118e-05]
525 spam [3.62801557e-36 1.00000000e+00]
526 ham [9.99501254e-01 4.98745989e-04]
527 spam [4.29313395e-19 1.00000000e+00]
528 ham [0.97939422 0.02060578]
529 spam [5.83652456e-09 9.99999994e-01]
530 ham [9.99808239e-01 1.91760610e-04]
531 spam [1.31529121e-37 1.00000000e+00]
532 ham [0.99823003 0.00176997]
533 ham [9.99997448e-01 2.55228332e-06]
534 ham [1.00000000e+00 3.36890831e-10]
535 ham [1.00000000e+00 1.20437176e-24]
536 ham [1.00000000e+00 1.84223825e-15]
537 ham [9.99999661e-01 3.39299993e-07]
538 ham [9.99999716e-01 2.84020793e-07]
539 ham [0.99863861 0.00136139]
540 ham [9.99984091e-01 1.59086036e-05]
541 spam [2.8131159e-27 1.0000000e+00]
542 spam [0.00253779 0.99746221]
543 ham [9.99997439e-01 2.56056386e-06]
544 spam [0.00617964 0.99382036]
545 ham [9.99999905e-01 9.54956816e-08]
546 ham [0.93206845 0.06793155]
547 ham [1.00000000e+00 1.05943387e-18]
548 ham [0.99157401 0.00842599]
549 ham [1.00000000e+00 1.63268984e-17]
550 ham [1.00000000e+00 3.86401694e-13]
551 ham [9.99998433e-01 1.56728789e-06]
552 ham [9.99997876e-01 2.12441927e-06]
553 ham [0.97250985 0.02749015]
554 ham [1.00000000e+00 6.83729855e-14]
555 ham [0.99785888 0.00214112]
556 spam [0.01329478 0.98670522]
557 ham [9.99990812e-01 9.18764206e-06]
558 ham [9.9999974e-01 2.5973313e-07]
559 ham [9.99999994e-01 5.50195139e-09]
560 ham [9.99999999e-01 7.47054740e-10]
561 ham [1.00000000e+00 5.96164497e-11]
562 ham [9.99999623e-01 3.77437601e-07]
563 ham [9.99999988e-01 1.16144396e-08]
564 spam [1.60070689e-47 1.00000000e+00]
565 ham [1.00000000e+00 4.20302672e-33]
566 spam [0.06696044 0.93303956]
567 ham [0.99138956 0.00861044]
568 ham [1.00000000e+00 9.05251728e-15]
569 ham [0.99795937 0.00204063]
570 spam [0.23885918 0.76114082]
571 ham [1.0000000e+00 1.3283983e-12]
572 ham [9.99980750e-01 1.92497069e-05]
573 ham [0.99303798 0.00696202]
574 ham [0.56839697 0.43160303]
575 ham [0.99169334 0.00830666]
576 spam [2.72582803e-28 1.00000000e+00]
577 ham [1.00000000e+00 5.17234736e-21]
578 ham [9.99997956e-01 2.04355996e-06]
579 spam [9.87396313e-12 1.00000000e+00]
580 ham [9.99662794e-01 3.37205724e-04]
581 ham [9.99421306e-01 5.78694019e-04]
582 ham [9.99993300e-01 6.69998905e-06]
583 spam [1.85091372e-23 1.00000000e+00]
584 ham [9.99985740e-01 1.42601087e-05]
585 ham [9.99999055e-01 9.45352919e-07]
586 ham [0.99878355 0.00121645]
587 ham [1.00000000e+00 1.44603555e-13]
588 spam [0.09232387 0.90767613]
589 spam [0.4110012 0.5889988]
590 ham [9.99999993e-01 6.53925162e-09]
591 spam [1.31064645e-32 1.00000000e+00]
592 spam [2.29301037e-29 1.00000000e+00]
593 spam [1.83903086e-32 1.00000000e+00]
594 ham [0.86779372 0.13220628]
595 spam [0.06217184 0.93782816]
596 ham [9.99999688e-01 3.11584723e-07]
597 ham [9.99987661e-01 1.23387726e-05]
598 spam [1.29031277e-09 9.99999999e-01]
599 ham [0.90842276 0.09157724]
600 ham [9.99999999e-01 6.28507684e-10]
601 spam [0.00191025 0.99808975]
602 ham [1.00000000e+00 1.26900383e-16]
603 ham [0.97336092 0.02663908]
604 ham [9.99994357e-01 5.64326821e-06]
605 ham [9.99563555e-01 4.36444918e-04]
606 ham [0.655665 0.344335]
607 spam [7.37107262e-17 1.00000000e+00]
608 ham [9.99997124e-01 2.87585306e-06]
609 ham [9.99998019e-01 1.98094350e-06]
610 ham [9.99999744e-01 2.56129426e-07]
611 spam [4.02650179e-11 1.00000000e+00]
612 ham [0.99735534 0.00264466]
613 ham [0.96838843 0.03161157]
614 spam [8.09446982e-09 9.99999992e-01]
615 ham [9.99668791e-01 3.31209077e-04]
616 ham [9.99999817e-01 1.82768874e-07]
617 ham [9.99999819e-01 1.80693033e-07]
618 ham [0.99838622 0.00161378]
619 ham [9.99901327e-01 9.86734370e-05]
620 spam [0.04762481 0.95237519]
621 ham [1.0000000e+00 3.3181874e-18]
622 ham [0.70365181 0.29634819]
623 spam [0.02275902 0.97724098]
624 ham [9.99999999e-01 8.32953130e-10]
625 ham [9.99999983e-01 1.72853293e-08]
626 ham [9.99995543e-01 4.45672834e-06]
627 ham [0.96566573 0.03433427]
628 ham [9.99999060e-01 9.39679272e-07]
629 spam [1.1059708e-14 1.0000000e+00]
630 spam [3.34133346e-18 1.00000000e+00]
631 ham [9.99997149e-01 2.85066459e-06]
632 ham [0.59484795 0.40515205]
633 ham [9.99978415e-01 2.15854975e-05]
634 ham [0.84052053 0.15947947]
635 spam [3.43233124e-32 1.00000000e+00]
636 ham [9.99568936e-01 4.31064373e-04]
637 ham [9.99999722e-01 2.77558828e-07]
638 ham [9.99964115e-01 3.58851158e-05]
639 ham [0.99781253 0.00218747]
640 ham [0.89027934 0.10972066]
641 ham [1.00000000e+00 1.42080521e-19]
642 ham [1.00000000e+00 3.45314095e-12]
643 ham [0.99121415 0.00878585]
644 ham [9.99779592e-01 2.20408107e-04]
645 spam [0.11913418 0.88086582]
646 ham [9.99999996e-01 3.96682138e-09]
647 ham [9.99999996e-01 4.46533361e-09]
648 spam [4.75710528e-32 1.00000000e+00]
649 ham [0.99890761 0.00109239]
650 spam [8.6223034e-44 1.0000000e+00]
651 spam [0.26723552 0.73276448]
652 ham [1.00000000e+00 1.49199119e-12]
653 ham [9.99995478e-01 4.52205496e-06]
654 ham [9.99998742e-01 1.25836308e-06]
655 ham [9.99997613e-01 2.38651972e-06]
656 ham [0.94305247 0.05694753]
657 ham [9.99974560e-01 2.54403517e-05]
658 ham [9.99999992e-01 7.72709183e-09]
659 ham [0.99782138 0.00217862]
660 spam [0.00122808 0.99877192]
661 ham [0.96824015 0.03175985]
662 ham [0.99804945 0.00195055]
663 ham [9.99999936e-01 6.42221147e-08]
664 spam [0.12816776 0.87183224]
665 ham [0.74651221 0.25348779]
666 spam [0.04163164 0.95836836]
667 ham [1.00000000e+00 5.08808255e-13]
668 ham [1.00000000e+00 3.23647506e-13]
669 ham [9.99250242e-01 7.49758028e-04]
670 ham [0.93121435 0.06878565]
671 spam [0.00965976 0.99034024]
672 spam [2.86066069e-10 1.00000000e+00]
673 spam [4.32773704e-21 1.00000000e+00]
674 ham [1.00000000e+00 3.17747697e-29]
675 ham [1.00000000e+00 6.42756134e-25]
676 ham [9.99994589e-01 5.41096870e-06]
677 spam [0.00831633 0.99168367]
678 ham [1.00000000e+00 1.66431314e-16]
679 ham [9.99999458e-01 5.41607488e-07]
680 ham [1.00000000e+00 6.67845901e-17]
681 ham [0.99580617 0.00419383]
682 ham [9.99902734e-01 9.72661568e-05]
683 ham [0.96173903 0.03826097]
684 ham [9.99998826e-01 1.17380371e-06]
685 ham [9.99999750e-01 2.50056383e-07]
686 ham [9.99715833e-01 2.84167163e-04]
687 spam [3.52102543e-06 9.99996479e-01]
688 ham [9.99992664e-01 7.33600899e-06]
689 ham [0.99892115 0.00107885]
690 spam [8.91513207e-04 9.99108487e-01]
691 ham [0.88973402 0.11026598]
692 spam [6.27729188e-04 9.99372271e-01]
693 ham [9.99999466e-01 5.34432968e-07]
694 ham [0.86981725 0.13018275]
695 ham [0.99872118 0.00127882]
696 ham [9.9967437e-01 3.2563033e-04]
697 ham [9.99412339e-01 5.87660921e-04]
698 ham [9.99997170e-01 2.82964375e-06]
699 ham [9.99981201e-01 1.87992659e-05]
700 ham [0.98367885 0.01632115]
701 ham [0.99899687 0.00100313]
702 ham [1.00000000e+00 1.09021422e-14]
703 spam [0.48139926 0.51860074]
704 ham [9.99984467e-01 1.55329660e-05]
705 ham [1.00000000e+00 5.24620969e-16]
706 ham [1.00000000e+00 4.74125605e-11]
707 ham [0.99665684 0.00334316]
708 ham [9.99980664e-01 1.93355119e-05]
709 spam [4.62010941e-18 1.00000000e+00]
710 spam [9.79074332e-42 1.00000000e+00]
711 spam [0.01275489 0.98724511]
712 ham [1.00000000e+00 4.56070372e-12]
713 spam [8.89215037e-10 9.99999999e-01]
714 ham [9.99994279e-01 5.72086919e-06]
715 ham [9.99975438e-01 2.45617592e-05]
716 ham [9.99999994e-01 5.52347958e-09]
717 spam [5.28961905e-32 1.00000000e+00]
718 ham [1.0000000e+00 1.0814034e-18]
719 spam [5.31171533e-41 1.00000000e+00]
720 ham [9.99999998e-01 1.59606061e-09]
721 ham [9.99654589e-01 3.45411304e-04]
722 ham [9.99728142e-01 2.71857584e-04]
723 ham [0.55379392 0.44620608]
724 spam [0.42028082 0.57971918]
725 ham [1.00000000e+00 1.71862343e-22]
726 ham [0.98081466 0.01918534]
727 ham [1.0000000e+00 1.0950403e-26]
728 ham [0.69652251 0.30347749]
729 spam [0.34654186 0.65345814]
730 ham [9.99949848e-01 5.01515994e-05]
731 spam [9.66291876e-10 9.99999999e-01]
732 ham [9.99952567e-01 4.74333262e-05]
733 ham [9.99997942e-01 2.05848602e-06]
734 ham [0.99880729 0.00119271]
735 ham [0.89893423 0.10106577]
736 ham [9.99566817e-01 4.33182992e-04]
737 ham [9.99980611e-01 1.93887203e-05]
738 spam [2.50615094e-32 1.00000000e+00]
739 ham [0.99877989 0.00122011]
740 ham [9.99976490e-01 2.35101905e-05]
741 ham [9.99999989e-01 1.06430779e-08]
742 ham [9.99925348e-01 7.46521675e-05]
743 ham [1.00000000e+00 1.37875111e-18]
744 ham [0.96407642 0.03592358]
745 spam [0.12916842 0.87083158]
746 ham [0.99737185 0.00262815]
747 ham [1.00000000e+00 8.41904558e-11]
748 spam [1.35186275e-06 9.99998648e-01]
749 ham [1.00000000e+00 2.12884835e-11]
