0 ham [9.99996481e-01 3.51912097e-06]
1 ham [9.99994044e-01 5.95640031e-06]
2 spam [2.12234444e-22 1.00000000e+00]
3 ham [9.99999992e-01 8.46180149e-09]
4 ham [1.00000000e+00 2.11762802e-10]
5 ham [1.00000000e+00 2.45870556e-10]
6 ham [9.99999937e-01 6.25542678e-08]
7 ham [1.00000000e+00 2.78496772e-16]
8 spam [4.99022344e-23 1.00000000e+00]
9 spam [7.27693586e-23 1.00000000e+00]
10 ham [1.00000000e+00 8.62087671e-23]
11 spam [5.85740253e-26 1.00000000e+00]
12 spam [7.25915526e-31 1.00000000e+00]
13 ham [1.00000000e+00 9.72516549e-16]
14 spam [0.45956757 0.54043243]
15 spam [1.88532770e-09 9.99999998e-01]
16 ham [1.000000e+00 2.110757e-11]
17 ham [9.99999984e-01 1.56836235e-08]
18 ham [9.99999991e-01 8.55768731e-09]
19 spam [1.05734347e-22 1.00000000e+00]
20 ham [9.99158968e-01 8.41031540e-04]
21 ham [0.98679865 0.01320135]
22 ham [9.99999966e-01 3.41879461e-08]
23 ham [1.00000000e+00 4.24665488e-12]
24 ham [9.99999553e-01 4.47411606e-07]
25 ham [1.00000000e+00 6.49019426e-15]
26 ham [0.99557882 0.00442118]
27 ham [1.00000000e+00 4.95274719e-16]
28 ham [1.00000000e+00 3.06925644e-27]
29 ham [9.99999939e-01 6.07705048e-08]
30 ham [1.00000000e+00 5.42249265e-20]
31 ham [1.00000000e+00 1.20415473e-14]
32 ham [9.99983776e-01 1.62237621e-05]
33 ham [0.99813855 0.00186145]
34 spam [2.16163182e-08 9.99999978e-01]
35 ham [1.0000000e+00 2.3720412e-15]
36 ham [1.0000000e+00 2.5572119e-15]
37 ham [9.99991028e-01 8.97184902e-06]
38 ham [9.99982419e-01 1.75813403e-05]
39 ham [1.00000000e+00 1.63409937e-22]
40 ham [1.00000000e+00 2.53762696e-11]
41 ham [1.00000000e+00 2.27342219e-30]
42 spam [2.27069424e-13 1.00000000e+00]
43 spam [0.39078346 0.60921654]
44 ham [1.00000000e+00 2.29798874e-20]
45 ham [9.99980427e-01 1.95730021e-05]
46 ham [9.99899572e-01 1.00428334e-04]
47 ham [0.9928649 0.0071351]
48 ham [1.00000000e+00 2.55126423e-12]
49 ham [1.00000000e+00 1.50450682e-20]
50 ham [1.00000000e+00 1.81392662e-11]
51 ham [1.0000000e+00 4.1839201e-23]
52 ham [9.99990813e-01 9.18659059e-06]
53 ham [1.00000000e+00 3.71062631e-47]
54 spam [4.96230163e-11 1.00000000e+00]
55 ham [1.00000000e+00 8.82386038e-11]
56 spam [1.09821802e-35 1.00000000e+00]
57 ham [1.00000000e+00 9.19061505e-13]
58 ham [0.99803903 0.00196097]
59 ham [0.99866217 0.00133783]
60 ham [1.00000000e+00 7.26181484e-12]
61 ham [0.92075298 0.07924702]
62 ham [0.93930839 0.06069161]
63 ham [1.0000000e+00 9.0660458e-11]
64 ham [1.00000000e+00 2.00570684e-11]
65 spam [0.0011156 0.9988844]
66 ham [9.99999999e-01 1.36353036e-09]
67 spam [2.28741377e-25 1.00000000e+00]
68 ham [9.99996498e-01 3.50185535e-06]
69 ham [9.99610367e-01 3.89633070e-04]
70 ham [9.99999963e-01 3.66159465e-08]
71 ham [9.99776470e-01 2.23529667e-04]
72 spam [4.45252936e-04 9.99554747e-01]
73 ham [1.00000000e+00 6.08032599e-12]
74 ham [9.99989934e-01 1.00663596e-05]
75 ham [0.92793331 0.07206669]
76 ham [9.99999998e-01 2.09382895e-09]
77 ham [9.99999996e-01 3.96929671e-09]
78 ham [1.00000000e+00 1.23669272e-12]
79 ham [1.00000000e+00 3.16068001e-12]
80 ham [1.0000000e+00 9.2189551e-12]
81 ham [9.99999968e-01 3.17501050e-08]
82 ham [9.99999996e-01 3.68767014e-09]
83 ham [9.99999959e-01 4.11408536e-08]
84 ham [0.72981366 0.27018634]
85 ham [1.00000000e+00 3.94922117e-10]
86 ham [1.00000000e+00 5.24977535e-14]
87 ham [1.00000000e+00 1.82126361e-14]
88 ham [9.99999964e-01 3.60666138e-08]
89 ham [0.58665943 0.41334057]
90 ham [0.97537102 0.02462898]
91 ham [1.00000000e+00 1.72854526e-24]
92 spam [0.08559505 0.91440495]
93 spam [4.21628432e-27 1.00000000e+00]
94 ham [9.99999991e-01 8.96507397e-09]
95 spam [6.48066665e-12 1.00000000e+00]
96 ham [9.99593282e-01 4.06718267e-04]
97 ham [9.99999587e-01 4.13153674e-07]
98 ham [1.00000000e+00 2.34761372e-11]
99 ham [9.99417377e-01 5.82622660e-04]
100 ham [9.99999999e-01 8.15771135e-10]
101 ham [9.99886497e-01 1.13502716e-04]
102 ham [9.99999999e-01 7.14299822e-10]
103 ham [9.99999984e-01 1.61341337e-08]
104 ham [1.00000000e+00 1.06103681e-15]
105 ham [9.99982139e-01 1.78612529e-05]
106 ham [0.99501702 0.00498298]
107 ham [1.00000000e+00 1.65084082e-11]
108 ham [9.99998388e-01 1.61182663e-06]
109 ham [1.00000000e+00 4.10792263e-11]
110 ham [9.99999632e-01 3.67730921e-07]
111 ham [9.99846575e-01 1.53425042e-04]
112 ham [0.96893854 0.03106146]
113 ham [1.00000000e+00 6.87523571e-16]
114 spam [1.09472805e-34 1.00000000e+00]
115 ham [1.0000000e+00 4.3884508e-18]
116 ham [1.00000000e+00 7.28813624e-24]
117 spam [8.37595283e-29 1.00000000e+00]
118 spam [1.04741646e-04 9.99895258e-01]
119 ham [1.00000000e+00 2.89837454e-11]
120 spam [1.86212232e-22 1.00000000e+00]
121 spam [1.92344935e-31 1.00000000e+00]
122 ham [9.99380336e-01 6.19663938e-04]
123 spam [9.37908704e-14 1.00000000e+00]
124 ham [9.99989105e-01 1.08948526e-05]
125 ham [9.99986733e-01 1.32671621e-05]
126 ham [9.99685188e-01 3.14811933e-04]
127 ham [1.00000000e+00 2.99433474e-34]
128 ham [9.99994395e-01 5.60468089e-06]
129 spam [1.99796614e-11 1.00000000e+00]
130 ham [1.00000000e+00 1.89200273e-10]
131 ham [9.99999718e-01 2.81922632e-07]
132 ham [0.9883512 0.0116488]
133 ham [0.96620156 0.03379844]
134 spam [6.23013014e-08 9.99999938e-01]
135 spam [1.71824846e-29 1.00000000e+00]
136 ham [0.57465141 0.42534859]
137 ham [9.99988807e-01 1.11925226e-05]
138 ham [9.99917049e-01 8.29512301e-05]
139 spam [0.0108264 0.9891736]
140 ham [1.00000000e+00 1.55837823e-19]
141 ham [1.00000000e+00 1.28025675e-11]
142 ham [0.97482289 0.02517711]
143 ham [9.99918959e-01 8.10411920e-05]
144 ham [9.99999999e-01 6.12732362e-10]
145 ham [0.99818996 0.00181004]
146 ham [0.76856164 0.23143836]
147 ham [9.99987882e-01 1.21181566e-05]
148 ham [0.99794239 0.00205761]
149 ham [9.99999864e-01 1.36160692e-07]
150 ham [9.99961522e-01 3.84782637e-05]
151 ham [1.00000000e+00 1.93520687e-10]
152 ham [9.99963711e-01 3.62891490e-05]
153 ham [9.99595501e-01 4.04498707e-04]
154 ham [9.99999984e-01 1.61341337e-08]
155 ham [1.00000000e+00 8.58999298e-44]
156 ham [9.99712177e-01 2.87822871e-04]
157 ham [9.99999997e-01 2.96962900e-09]
158 ham [1.00000000e+00 1.78213488e-32]
159 spam [2.19432025e-06 9.99997806e-01]
160 spam [7.21896949e-24 1.00000000e+00]
161 ham [1.00000000e+00 1.98486083e-19]
162 ham [9.99999265e-01 7.35471618e-07]
163 ham [1.00000000e+00 4.41571961e-21]
164 spam [2.54064175e-25 1.00000000e+00]
165 spam [2.55060951e-07 9.99999745e-01]
166 ham [0.97872923 0.02127077]
167 spam [6.43592782e-29 1.00000000e+00]
168 ham [0.998833 0.001167]
169 ham [9.99903778e-01 9.62216318e-05]
170 ham [9.99962413e-01 3.75868142e-05]
171 ham [9.99993754e-01 6.24560988e-06]
172 ham [1.00000000e+00 1.15677398e-12]
173 ham [9.99999796e-01 2.03651937e-07]
174 ham [9.99998798e-01 1.20200197e-06]
175 ham [1.00000000e+00 5.53749419e-18]
176 ham [1.00000000e+00 4.39594485e-15]
177 ham [9.99266980e-01 7.33020342e-04]
178 ham [1.00000000e+00 3.28669005e-31]
179 ham [9.99999999e-01 7.00528300e-10]
180 ham [9.99631075e-01 3.68924529e-04]
181 ham [1.00000000e+00 1.27531159e-13]
182 ham [9.99989746e-01 1.02537648e-05]
183 ham [9.99999999e-01 5.15494161e-10]
184 ham [9.99902091e-01 9.79088625e-05]
185 ham [0.98613746 0.01386254]
186 ham [1.00000000e+00 4.18056725e-12]
187 ham [9.99862630e-01 1.37369686e-04]
188 spam [5.67849504e-26 1.00000000e+00]
189 ham [9.99999990e-01 9.74678522e-09]
190 ham [1.00000000e+00 2.21750464e-14]
191 spam [1.30464936e-04 9.99869535e-01]
192 ham [1.00000000e+00 8.45256543e-27]
193 ham [9.99773784e-01 2.26215903e-04]
194 ham [9.99889981e-01 1.10019023e-04]
195 ham [1.00000000e+00 4.53401808e-14]
196 ham [9.99891618e-01 1.08381755e-04]
197 ham [9.99998417e-01 1.58277475e-06]
198 ham [0.99228205 0.00771795]
199 ham [1.00000000e+00 1.17456722e-17]
200 ham [1.00000000e+00 1.92101971e-14]
201 ham [1.00000000e+00 2.34266054e-12]
202 ham [9.99999956e-01 4.43212809e-08]
203 ham [1.00000000e+00 1.51219307e-20]
204 ham [0.63802531 0.36197469]
205 ham [0.99261047 0.00738953]
206 ham [9.99999558e-01 4.42466719e-07]
207 ham [1.00000000e+00 4.70481286e-24]
208 ham [0.56830634 0.43169366]
209 ham [9.99999992e-01 7.70250236e-09]
210 ham [9.99928750e-01 7.12500341e-05]
211 ham [1.00000000e+00 4.28909226e-11]
212 ham [9.99478872e-01 5.21128113e-04]
213 ham [9.99999975e-01 2.47596231e-08]
214 ham [9.99996337e-01 3.66303022e-06]
215 ham [9.99980757e-01 1.92432695e-05]
216 spam [0.06176657 0.93823343]
217 ham [9.99999341e-01 6.59388813e-07]
218 ham [9.99868557e-01 1.31443263e-04]
219 ham [9.99399802e-01 6.00198351e-04]
220 ham [1.00000000e+00 1.87731156e-28]
221 ham [9.99968542e-01 3.14582306e-05]
222 ham [9.99999953e-01 4.72482081e-08]
223 ham [1.0000000e+00 2.5158002e-12]
224 ham [1.00000000e+00 5.26535233e-11]
225 spam [2.55852869e-28 1.00000000e+00]
226 ham [9.99999996e-01 4.07447921e-09]
227 spam [1.36187775e-05 9.99986381e-01]
228 spam [0.39530349 0.60469651]
229 ham [9.99999999e-01 1.06386688e-09]
230 ham [9.99984782e-01 1.52182847e-05]
231 ham [1.00000000e+00 1.57768569e-10]
232 ham [0.99861503 0.00138497]
233 ham [9.99999910e-01 8.97408411e-08]
234 ham [9.99999809e-01 1.90693426e-07]
235 spam [4.9177566e-12 1.0000000e+00]
236 ham [1.00000000e+00 3.12039177e-15]
237 ham [9.99998036e-01 1.96392494e-06]
238 ham [9.99999587e-01 4.13480459e-07]
239 ham [1.00000000e+00 2.24166751e-13]
240 spam [0.00142435 0.99857565]
241 ham [9.99971846e-01 2.81537865e-05]
242 spam [0.02154383 0.97845617]
243 ham [9.99997964e-01 2.03586324e-06]
244 ham [1.00000000e+00 1.38477355e-28]
245 ham [9.9999937e-01 6.2957353e-07]
246 ham [1.00000000e+00 2.10626386e-16]
247 ham [0.99152776 0.00847224]
248 spam [0.02750147 0.97249853]
249 ham [1.00000000e+00 2.59546546e-15]
250 spam [9.25956589e-40 1.00000000e+00]
251 spam [0.01161481 0.98838519]
252 ham [9.99999557e-01 4.42565628e-07]
253 ham [9.99999998e-01 1.89015052e-09]
254 ham [0.99418597 0.00581403]
255 ham [1.00000000e+00 1.20062411e-13]
256 ham [1.00000000e+00 5.31829321e-12]
257 ham [0.99835579 0.00164421]
258 ham [1.0000000e+00 1.6458607e-10]
259 spam [4.32909394e-14 1.00000000e+00]
260 ham [9.99999995e-01 4.69611892e-09]
261 ham [0.96948798 0.03051202]
262 ham [1.00000000e+00 6.05701093e-14]
263 spam [1.49634256e-05 9.99985037e-01]
264 spam [2.65992117e-04 9.99734008e-01]
265 ham [0.99363346 0.00636654]
266 spam [0.49312165 0.50687835]
267 ham [9.99977175e-01 2.28250143e-05]
268 spam [1.94818223e-32 1.00000000e+00]
269 ham [0.99890435 0.00109565]
270 spam [8.01233637e-11 1.00000000e+00]
271 ham [0.97355787 0.02644213]
272 ham [9.99969602e-01 3.03983220e-05]
273 spam [7.8655039e-17 1.0000000e+00]
274 ham [9.99941989e-01 5.80110157e-05]
275 ham [0.99034859 0.00965141]
276 ham [0.997951 0.002049]
277 ham [0.88551828 0.11448172]
278 ham [1.00000000e+00 2.90920568e-12]
279 ham [9.99999999e-01 5.68403277e-10]
280 ham [9.99872241e-01 1.27758524e-04]
281 ham [0.99010466 0.00989534]
282 ham [9.99999999e-01 9.66993730e-10]
283 ham [9.99995210e-01 4.78951689e-06]
284 ham [0.99387809 0.00612191]
285 ham [1.00000000e+00 1.80081857e-20]
286 ham [9.99999994e-01 5.77656233e-09]
287 ham [9.99290196e-01 7.09804480e-04]
288 ham [1.00000000e+00 1.14782397e-11]
289 ham [1.00000000e+00 1.72495343e-18]
290 ham [9.99995406e-01 4.59391087e-06]
291 ham [0.9945093 0.0054907]
292 ham [9.99991258e-01 8.74192858e-06]
293 ham [9.99128668e-01 8.71332344e-04]
294 ham [9.99690197e-01 3.09802529e-04]
295 ham [0.71773933 0.28226067]
296 spam [3.30021972e-26 1.00000000e+00]
297 ham [0.99875412 0.00124588]
298 ham [1.00000000e+00 4.98915716e-22]
299 ham [9.99385925e-01 6.14074948e-04]
300 ham [1.00000000e+00 4.28149446e-12]
301 ham [9.99998232e-01 1.76834663e-06]
302 ham [9.99999999e-01 7.86585780e-10]
303 ham [9.99990318e-01 9.68178269e-06]
304 ham [0.9909558 0.0090442]
305 spam [5.98489343e-23 1.00000000e+00]
306 ham [1.00000000e+00 2.78283013e-13]
307 ham [9.99863458e-01 1.36542438e-04]
308 ham [9.99982854e-01 1.71455997e-05]
309 spam [2.26160228e-08 9.99999977e-01]
310 ham [9.99958035e-01 4.19652668e-05]
311 spam [2.47974465e-05 9.99975203e-01]
312 spam [1.28222951e-23 1.00000000e+00]
313 ham [1.00000000e+00 3.41775844e-22]
314 ham [1.00000000e+00 2.26397602e-14]
315 ham [1.0000000e+00 3.6084661e-10]
316 ham [9.99762451e-01 2.37548961e-04]
317 ham [1.00000000e+00 1.41389015e-11]
318 ham [9.99999843e-01 1.56941420e-07]
319 spam [2.37639542e-26 1.00000000e+00]
320 ham [9.99996906e-01 3.09410741e-06]
321 ham [9.99994082e-01 5.91830879e-06]
322 ham [9.99999990e-01 9.56809956e-09]
323 spam [0.14113901 0.85886099]
324 ham [1.00000000e+00 1.86915676e-11]
325 ham [9.99999599e-01 4.01495246e-07]
326 ham [9.99974007e-01 2.59933218e-05]
327 ham [9.99994838e-01 5.16161005e-06]
328 ham [1.00000000e+00 1.94096332e-14]
329 ham [9.99999976e-01 2.38221291e-08]
330 ham [1.00000000e+00 7.55385293e-15]
331 ham [9.99977169e-01 2.28311261e-05]
332 ham [9.99930715e-01 6.92845401e-05]
333 spam [2.21452243e-12 1.00000000e+00]
334 ham [9.99997786e-01 2.21424289e-06]
335 spam [5.38150989e-16 1.00000000e+00]
336 ham [9.99997314e-01 2.68589085e-06]
337 ham [9.99961754e-01 3.82456814e-05]
338 ham [9.99040115e-01 9.59885311e-04]
339 ham [1.00000000e+00 1.75826883e-11]
340 ham [0.98981589 0.01018411]
341 ham [9.99999540e-01 4.59751714e-07]
342 ham [9.99995602e-01 4.39845199e-06]
343 ham [0.95926437 0.04073563]
344 ham [9.99990990e-01 9.00992866e-06]
345 ham [0.95101654 0.04898346]
346 ham [9.99979813e-01 2.01866290e-05]
347 ham [9.99993790e-01 6.20982197e-06]
348 ham [0.75726706 0.24273294]
349 spam [4.19349263e-07 9.99999581e-01]
350 ham [9.99999894e-01 1.05985785e-07]
351 ham [1.00000000e+00 4.54014418e-13]
352 ham [1.00000000e+00 3.56897159e-17]
353 ham [1.00000000e+00 2.49728176e-13]
354 ham [9.99999591e-01 4.08748200e-07]
355 ham [9.99999998e-01 2.03418410e-09]
356 ham [9.99999679e-01 3.21299150e-07]
357 spam [3.22133294e-39 1.00000000e+00]
358 spam [8.95175875e-29 1.00000000e+00]
359 ham [1.0000000e+00 1.1035378e-26]
360 ham [9.99999061e-01 9.39446559e-07]
361 spam [0.13241344 0.86758656]
362 ham [9.99914221e-01 8.57790321e-05]
363 ham [0.98754142 0.01245858]
364 ham [9.99999870e-01 1.29840296e-07]
365 ham [1.00000000e+00 6.57511377e-22]
366 ham [1.00000000e+00 7.88871677e-11]
367 spam [3.16489638e-24 1.00000000e+00]
368 spam [3.44776353e-15 1.00000000e+00]
369 ham [0.98181658 0.01818342]
370 ham [9.99999997e-01 3.40316137e-09]
371 ham [1.00000000e+00 3.32364975e-28]
372 ham [9.99999979e-01 2.08759261e-08]
373 ham [1.00000000e+00 2.00415289e-20]
374 ham [1.00000000e+00 2.40846835e-23]
375 spam [1.50295165e-06 9.99998497e-01]
376 ham [9.99588487e-01 4.11512616e-04]
377 ham [9.99999996e-01 3.75463689e-09]
378 ham [9.99989764e-01 1.02360142e-05]
379 ham [0.99556689 0.00443311]
380 ham [1.00000000e+00 4.87200157e-13]
381 ham [1.00000000e+00 4.39787985e-43]
382 ham [9.99986995e-01 1.30049761e-05]
383 ham [9.99909751e-01 9.02491724e-05]
384 ham [9.99999848e-01 1.51570389e-07]
385 spam [1.43219526e-17 1.00000000e+00]
386 spam [0.25051574 0.74948426]
387 ham [9.99955694e-01 4.43058412e-05]
388 ham [9.99978780e-01 2.12199556e-05]
389 spam [2.88065598e-28 1.00000000e+00]
390 ham [9.99999850e-01 1.50312976e-07]
391 ham [9.99992924e-01 7.07644610e-06]
392 ham [9.99978554e-01 2.14459033e-05]
393 ham [9.99978255e-01 2.17452374e-05]
394 ham [1.00000000e+00 1.07383898e-18]
395 ham [9.99993717e-01 6.28253841e-06]
396 ham [0.79780151 0.20219849]
397 ham [9.99999999e-01 1.32267336e-09]
398 ham [1.00000000e+00 5.58012595e-17]
399 ham [9.99999945e-01 5.45877455e-08]
400 ham [1.00000000e+00 2.00610263e-11]
401 spam [3.28577229e-17 1.00000000e+00]
402 ham [9.99988212e-01 1.17884172e-05]
403 ham [0.65650195 0.34349805]
404 ham [9.99999845e-01 1.55447892e-07]
405 ham [1.00000000e+00 7.64811777e-13]
406 ham [9.99999675e-01 3.24803322e-07]
407 ham [1.00000000e+00 1.96175955e-10]
408 ham [0.99898272 0.00101728]
409 ham [0.64469985 0.35530015]
410 spam [1.94507183e-11 1.00000000e+00]
411 ham [9.99994534e-01 5.46641730e-06]
412 ham [9.99981411e-01 1.85891745e-05]
413 ham [1.00000000e+00 2.44283998e-12]
414 ham [0.89912598 0.10087402]
415 spam [4.15998716e-04 9.99584001e-01]
416 ham [0.99893207 0.00106793]
417 ham [9.9915866e-01 8.4133969e-04]
418 spam [1.58879502e-21 1.00000000e+00]
419 ham [1.00000000e+00 2.17575112e-12]
420 spam [7.23246884e-25 1.00000000e+00]
421 ham [9.99999846e-01 1.54135174e-07]
422 spam [7.44333342e-13 1.00000000e+00]
423 spam [0.30093129 0.69906871]
424 spam [1.64502001e-25 1.00000000e+00]
425 ham [1.00000000e+00 1.26882733e-18]
426 ham [1.00000000e+00 5.96709178e-11]
427 ham [9.99999965e-01 3.48846603e-08]
428 ham [0.70590811 0.29409189]
429 ham [9.99999999e-01 8.29053129e-10]
430 ham [1.00000000e+00 1.76240278e-24]
431 ham [9.99717331e-01 2.82668841e-04]
432 ham [0.5985245 0.4014755]
433 spam [4.12690666e-26 1.00000000e+00]
434 ham [0.64384453 0.35615547]
435 ham [1.00000000e+00 2.81627368e-20]
436 ham [1.0000000e+00 2.0571794e-30]
437 ham [9.99999922e-01 7.81038722e-08]
438 ham [0.99631502 0.00368498]
439 ham [0.78852075 0.21147925]
440 ham [1.00000000e+00 6.27170113e-11]
441 ham [9.99999999e-01 8.01188777e-10]
442 ham [9.99430567e-01 5.69432676e-04]
443 ham [1.00000000e+00 7.78151032e-18]
444 ham [1.00000000e+00 2.79127979e-11]
445 spam [6.25506012e-06 9.99993745e-01]
446 ham [1.00000000e+00 4.10200372e-20]
447 ham [9.99987849e-01 1.21507594e-05]
448 ham [9.99999986e-01 1.38247609e-08]
449 ham [9.99920491e-01 7.95092708e-05]
450 ham [0.99851207 0.00148793]
451 spam [0.28915954 0.71084046]
452 ham [9.99999937e-01 6.30202910e-08]
453 ham [9.99999887e-01 1.12818867e-07]
454 ham [1.00000000e+00 2.44035316e-10]
455 spam [1.54505957e-08 9.99999985e-01]
456 ham [9.99612541e-01 3.87458757e-04]
457 spam [1.06515970e-07 9.99999893e-01]
458 ham [1.00000000e+00 6.18860504e-11]
459 ham [9.99756623e-01 2.43377318e-04]
460 ham [9.99999705e-01 2.95474712e-07]
461 ham [9.99999250e-01 7.50418339e-07]
462 ham [0.93816341 0.06183659]
463 spam [4.76527985e-25 1.00000000e+00]
464 ham [1.00000000e+00 1.29633581e-11]
465 ham [9.99999506e-01 4.94055942e-07]
466 ham [1.00000000e+00 2.67124371e-20]
467 ham [9.99999994e-01 6.29943635e-09]
468 ham [9.99976659e-01 2.33405148e-05]
469 ham [9.99999997e-01 3.41950890e-09]
470 ham [0.99888538 0.00111462]
471 spam [1.18908196e-20 1.00000000e+00]
472 ham [9.99633430e-01 3.66570151e-04]
473 ham [1.00000000e+00 3.73354032e-34]
474 spam [1.42358266e-29 1.00000000e+00]
475 ham [1.00000000e+00 4.52103587e-11]
476 ham [9.99999999e-01 1.24239586e-09]
477 ham [9.99998821e-01 1.17933184e-06]
478 ham [0.99732624 0.00267376]
479 ham [1.0000000e+00 1.2667095e-13]
480 ham [9.99999984e-01 1.59495973e-08]
481 ham [9.99966381e-01 3.36192890e-05]
482 ham [1.00000000e+00 4.65520854e-11]
483 ham [9.99912209e-01 8.77906884e-05]
484 ham [9.99999751e-01 2.49248547e-07]
485 spam [0.07153178 0.92846822]
486 ham [0.99641978 0.00358022]
487 spam [5.79711558e-18 1.00000000e+00]
488 ham [9.99256218e-01 7.43781870e-04]
489 ham [9.99675315e-01 3.24684699e-04]
490 ham [1.00000000e+00 3.76660222e-11]
491 ham [1.0000000e+00 2.7201498e-14]
492 spam [1.91085514e-34 1.00000000e+00]
493 ham [1.0000000e+00 3.8604118e-11]
494 ham [1.00000000e+00 4.61951345e-13]
495 ham [9.99997858e-01 2.14185806e-06]
496 ham [9.99061148e-01 9.38852468e-04]
497 ham [9.99999999e-01 6.25166045e-10]
498 ham [9.99188607e-01 8.11393045e-04]
499 ham [0.86373412 0.13626588]
500 ham [9.99864047e-01 1.35953095e-04]
501 spam [0.09402229 0.90597771]
502 ham [9.99764433e-01 2.35567135e-04]
503 spam [0.44450527 0.55549473]
504 ham [0.98478501 0.01521499]
505 spam [1.53404796e-23 1.00000000e+00]
506 ham [1.00000000e+00 2.04610548e-13]
507 ham [0.99341358 0.00658642]
508 ham [1.00000000e+00 5.12349727e-23]
509 ham [9.99919226e-01 8.07740101e-05]
510 spam [0.00159109 0.99840891]
511 ham [9.99999999e-01 1.45128805e-09]
512 ham [1.00000000e+00 7.85995659e-14]
513 ham [0.99444654 0.00555346]
514 ham [0.99720529 0.00279471]
515 spam [2.83510401e-32 1.00000000e+00]
516 ham [0.94041359 0.05958641]
517 spam [2.25030074e-20 1.00000000e+00]
518 spam [7.16529668e-11 1.00000000e+00]
519 ham [1.00000000e+00 1.62550721e-12]
520 ham [1.00000000e+00 4.81430979e-11]
521 ham [9.99974667e-01 2.53327218e-05]
522 ham [9.99950158e-01 4.98417538e-05]
523 ham [0.98522536 0.01477464]
524 ham [9.99933350e-01 6.66495203e-05]
525 spam [2.43953337e-32 1.00000000e+00]
526 ham [9.99999489e-01 5.10929790e-07]
527 spam [1.22960758e-19 1.00000000e+00]
528 ham [9.99954588e-01 4.54119466e-05]
529 spam [1.36814677e-06 9.99998632e-01]
530 ham [9.99905008e-01 9.49918667e-05]
531 spam [2.32625696e-32 1.00000000e+00]
532 ham [9.99992811e-01 7.18921233e-06]
533 ham [9.9997805e-01 2.1949795e-05]
534 ham [9.99999999e-01 9.29095193e-10]
535 ham [1.0000000e+00 4.7728005e-28]
536 ham [1.00000000e+00 1.88793482e-20]
537 ham [9.99999992e-01 7.56543355e-09]
538 ham [9.99999992e-01 8.01784126e-09]
539 ham [9.99936417e-01 6.35831085e-05]
540 ham [9.99999591e-01 4.09315594e-07]
541 spam [8.70750117e-25 1.00000000e+00]
542 ham [0.99181076 0.00818924]
543 ham [9.99999997e-01 2.84819788e-09]
544 spam [0.35433121 0.64566879]
545 ham [9.99999999e-01 8.78025514e-10]
546 ham [0.99095816 0.00904184]
547 ham [1.00000000e+00 5.03706467e-22]
548 ham [9.99880508e-01 1.19491526e-04]
549 ham [1.00000000e+00 1.56801039e-13]
550 ham [1.00000000e+00 1.84233107e-17]
551 ham [1.00000000e+00 1.98735542e-16]
552 ham [9.99993490e-01 6.50992205e-06]
553 ham [9.99931000e-01 6.90003392e-05]
554 ham [1.00000000e+00 1.09136116e-17]
555 ham [9.99999685e-01 3.14759579e-07]
556 spam [0.28045489 0.71954511]
557 ham [9.99999004e-01 9.95727704e-07]
558 ham [9.99999996e-01 3.67379495e-09]
559 ham [9.99999995e-01 5.39475102e-09]
560 ham [1.00000000e+00 1.61789498e-16]
561 ham [1.00000000e+00 3.23521479e-11]
562 ham [9.99999661e-01 3.39317919e-07]
563 ham [1.0000000e+00 1.4169621e-10]
564 spam [9.23606097e-34 1.00000000e+00]
565 ham [1.00000000e+00 1.85614244e-36]
566 ham [0.97532611 0.02467389]
567 ham [0.9976713 0.0023287]
568 ham [1.0000000e+00 4.8585246e-21]
569 ham [9.99997973e-01 2.02713652e-06]
570 spam [0.39388844 0.60611156]
571 ham [1.00000000e+00 1.02684055e-16]
572 ham [9.99998105e-01 1.89505981e-06]
573 ham [9.99143407e-01 8.56593145e-04]
574 ham [0.91318969 0.08681031]
575 ham [0.99876464 0.00123536]
576 spam [1.94465864e-19 1.00000000e+00]
577 ham [1.00000000e+00 1.45990578e-20]
578 ham [9.99999585e-01 4.14869702e-07]
579 spam [4.17496099e-08 9.99999958e-01]
580 ham [9.99999634e-01 3.66056591e-07]
581 ham [9.99976116e-01 2.38844401e-05]
582 ham [9.99999867e-01 1.32746147e-07]
583 spam [1.07372776e-14 1.00000000e+00]
584 ham [9.99999958e-01 4.16717035e-08]
585 ham [9.99999762e-01 2.38422529e-07]
586 ham [9.99998557e-01 1.44287452e-06]
587 ham [1.00000000e+00 1.34660306e-15]
588 spam [0.30458131 0.69541869]
589 ham [0.83531575 0.16468425]
590 ham [9.99999999e-01 8.03232161e-10]
591 spam [2.20235469e-26 1.00000000e+00]
592 spam [2.29311729e-26 1.00000000e+00]
593 spam [1.2110347e-28 1.0000000e+00]
594 ham [0.89800224 0.10199776]
595 ham [0.99871391 0.00128609]
596 ham [9.99999971e-01 2.86848066e-08]
597 ham [9.99964187e-01 3.58134000e-05]
598 spam [4.16644079e-09 9.99999996e-01]
599 ham [9.99804308e-01 1.95691543e-04]
600 ham [1.00000000e+00 4.26167704e-10]
601 spam [0.08357854 0.91642146]
602 ham [1.00000000e+00 1.20697384e-15]
603 ham [0.98874101 0.01125899]
604 ham [9.99999478e-01 5.21648032e-07]
605 ham [9.99676470e-01 3.23529847e-04]
606 spam [0.06747709 0.93252291]
607 spam [6.36952229e-17 1.00000000e+00]
608 ham [9.99999988e-01 1.21731812e-08]
609 ham [9.99990999e-01 9.00108461e-06]
610 ham [9.99999902e-01 9.82857128e-08]
611 spam [5.88258682e-11 1.00000000e+00]
612 ham [9.99999903e-01 9.72592289e-08]
613 ham [0.9953527 0.0046473]
614 spam [1.2431686e-11 1.0000000e+00]
615 ham [9.99999669e-01 3.30894195e-07]
616 ham [1.00000000e+00 2.26426442e-12]
617 ham [1.00000000e+00 1.95948724e-12]
618 ham [0.99404532 0.00595468]
619 ham [9.99999197e-01 8.03236003e-07]
620 ham [0.92364714 0.07635286]
621 ham [1.00000000e+00 4.81693759e-15]
622 ham [9.99774067e-01 2.25932980e-04]
623 spam [1.80593446e-05 9.99981941e-01]
624 ham [9.99999999e-01 1.04249461e-09]
625 ham [9.99999999e-01 1.18247102e-09]
626 ham [9.99999681e-01 3.19009299e-07]
627 ham [9.99976454e-01 2.35458314e-05]
628 ham [1.00000000e+00 3.17743028e-10]
629 spam [1.01356629e-12 1.00000000e+00]
630 spam [3.16524942e-14 1.00000000e+00]
631 ham [9.99995923e-01 4.07706006e-06]
632 ham [0.92643383 0.07356617]
633 ham [9.99999891e-01 1.08703169e-07]
634 ham [0.99069091 0.00930909]
635 spam [1.21394379e-25 1.00000000e+00]
636 ham [9.99767397e-01 2.32603202e-04]
637 ham [9.99999985e-01 1.46288366e-08]
638 ham [9.99997438e-01 2.56168088e-06]
639 ham [9.99980473e-01 1.95266824e-05]
640 ham [9.99617314e-01 3.82685766e-04]
641 ham [1.0000000e+00 1.4139615e-18]
642 ham [1.00000000e+00 2.77534089e-14]
643 ham [0.99873489 0.00126511]
644 ham [9.99974964e-01 2.50361167e-05]
645 ham [9.99109233e-01 8.90767322e-04]
646 ham [1.0000000e+00 2.8594859e-11]
647 ham [1.00000000e+00 3.52637343e-12]
648 spam [2.28014161e-28 1.00000000e+00]
649 ham [9.99432717e-01 5.67282626e-04]
650 spam [3.6767784e-33 1.0000000e+00]
651 ham [0.91005275 0.08994725]
652 ham [1.00000000e+00 1.42304164e-17]
653 ham [9.99999948e-01 5.16552094e-08]
654 ham [9.99991353e-01 8.64728219e-06]
655 ham [9.99992275e-01 7.72504998e-06]
656 ham [0.99749377 0.00250623]
657 ham [1.00000000e+00 8.77649779e-11]
658 ham [9.99999946e-01 5.44667435e-08]
659 ham [9.99995214e-01 4.78639970e-06]
660 spam [0.00920209 0.99079791]
661 ham [9.99938758e-01 6.12422086e-05]
662 ham [9.99780780e-01 2.19220327e-04]
663 ham [9.99999999e-01 5.85406395e-10]
664 spam [0.22250444 0.77749556]
665 ham [0.9933255 0.0066745]
666 spam [0.27112357 0.72887643]
667 ham [1.00000000e+00 6.59043452e-13]
668 ham [1.0000000e+00 1.6319625e-11]
669 ham [9.99205524e-01 7.94475868e-04]
670 ham [0.98527604 0.01472396]
671 spam [0.0200847 0.9799153]
672 spam [1.58847044e-08 9.99999984e-01]
673 spam [1.081159e-19 1.000000e+00]
674 ham [1.00000000e+00 5.03048528e-27]
675 ham [1.00000000e+00 1.67104943e-22]
676 ham [9.99999835e-01 1.65046958e-07]
677 ham [0.79141893 0.20858107]
678 ham [1.00000000e+00 1.09090425e-17]
679 ham [9.99998672e-01 1.32750029e-06]
680 ham [1.00000000e+00 8.28933171e-19]
681 ham [9.99975324e-01 2.46763815e-05]
682 ham [9.99920956e-01 7.90440608e-05]
683 ham [0.99195795 0.00804205]
684 ham [1.00000000e+00 5.62205872e-13]
685 ham [1.00000000e+00 1.51628073e-10]
686 ham [9.99976830e-01 2.31697746e-05]
687 ham [0.79438694 0.20561306]
688 ham [9.99999995e-01 4.52919772e-09]
689 ham [9.99983968e-01 1.60315588e-05]
690 spam [0.14008228 0.85991772]
691 ham [0.96972141 0.03027859]
692 ham [9.99374706e-01 6.25293858e-04]
693 ham [9.99999996e-01 3.91174023e-09]
694 ham [9.99963563e-01 3.64369638e-05]
695 ham [9.99992081e-01 7.91880055e-06]
696 ham [9.99998196e-01 1.80383220e-06]
697 ham [9.99990802e-01 9.19765460e-06]
698 ham [9.99999920e-01 8.03885174e-08]
699 ham [9.99992338e-01 7.66214351e-06]
700 ham [9.99072629e-01 9.27370642e-04]
701 ham [9.99855576e-01 1.44423826e-04]
702 ham [1.00000000e+00 5.72836409e-12]
703 ham [0.99196589 0.00803411]
704 ham [9.99999998e-01 1.64092194e-09]
705 ham [1.00000000e+00 1.21418908e-16]
706 ham [1.0000000e+00 3.3767591e-13]
707 ham [9.99820144e-01 1.79855573e-04]
708 ham [9.99998033e-01 1.96717026e-06]
709 spam [1.88325194e-18 1.00000000e+00]
710 spam [2.22073601e-35 1.00000000e+00]
711 ham [9.99995202e-01 4.79753623e-06]
712 ham [1.00000000e+00 2.39139954e-16]
713 spam [7.34644297e-09 9.99999993e-01]
714 ham [9.99999966e-01 3.39949025e-08]
715 ham [9.99999972e-01 2.76801217e-08]
716 ham [9.99999999e-01 8.43032118e-10]
717 spam [9.74049659e-28 1.00000000e+00]
718 ham [1.00000000e+00 2.41531576e-21]
719 spam [1.40668545e-30 1.00000000e+00]
720 ham [1.00000000e+00 1.98578404e-11]
721 ham [9.99854945e-01 1.45054678e-04]
722 ham [9.9978443e-01 2.1556973e-04]
723 ham [0.81725982 0.18274018]
724 ham [0.90644792 0.09355208]
725 ham [1.00000000e+00 4.01084902e-26]
726 ham [9.99889794e-01 1.10206175e-04]
727 ham [1.00000000e+00 4.52349022e-31]
728 ham [0.99060973 0.00939027]
729 ham [0.9489928 0.0510072]
730 ham [9.99944329e-01 5.56709952e-05]
731 spam [6.72371785e-09 9.99999993e-01]
732 ham [9.99973527e-01 2.64730878e-05]
733 ham [9.99999999e-01 8.16419601e-10]
734 ham [9.99999800e-01 2.00285241e-07]
735 ham [9.99744777e-01 2.55223283e-04]
736 ham [9.99974768e-01 2.52322002e-05]
737 ham [9.99999607e-01 3.92772655e-07]
738 spam [2.46816882e-30 1.00000000e+00]
739 ham [9.99557626e-01 4.42373718e-04]
740 ham [1.00000000e+00 1.22674486e-10]
741 ham [9.99999999e-01 1.25827837e-09]
742 ham [9.99999749e-01 2.50631750e-07]
743 ham [1.00000000e+00 1.57319896e-22]
744 ham [9.99046185e-01 9.53815090e-04]
745 spam [0.4453558 0.5546442]
746 ham [9.99675593e-01 3.24407295e-04]
747 ham [1.00000000e+00 1.97213152e-14]
748 spam [1.61175349e-06 9.99998388e-01]
749 ham [1.00000000e+00 2.09703428e-11]
