0 ham [0.99815037 0.00184963]
1 ham [9.99971958e-01 2.80419641e-05]
2 spam [8.32633528e-30 1.00000000e+00]
3 ham [9.99999826e-01 1.73976472e-07]
4 ham [1.00000000e+00 3.76561203e-10]
5 ham [9.99985873e-01 1.41269960e-05]
6 ham [9.99994383e-01 5.61663121e-06]
7 ham [1.00000000e+00 1.68278471e-26]
8 spam [7.46750024e-29 1.00000000e+00]
9 spam [4.28414165e-30 1.00000000e+00]
10 ham [1.00000000e+00 1.39820401e-22]
11 spam [1.90797407e-31 1.00000000e+00]
12 spam [7.89617326e-39 1.00000000e+00]
13 ham [1.00000000e+00 3.22773413e-12]
14 spam [0.11855751 0.88144249]
15 spam [4.54634169e-13 1.00000000e+00]
16 ham [1.00000000e+00 8.34048149e-12]
17 ham [9.99995420e-01 4.57952775e-06]
18 ham [9.99999574e-01 4.26088842e-07]
19 spam [8.97661924e-28 1.00000000e+00]
20 ham [0.99470647 0.00529353]
21 ham [0.90710225 0.09289775]
22 ham [9.99999477e-01 5.23433886e-07]
23 ham [1.00000000e+00 4.16295741e-10]
24 ham [9.99990801e-01 9.19880059e-06]
25 ham [1.00000000e+00 6.82695409e-14]
26 ham [0.98853924 0.01146076]
27 ham [1.00000000e+00 1.04362832e-13]
28 ham [1.00000000e+00 1.82378138e-31]
29 ham [9.99996974e-01 3.02576702e-06]
30 ham [1.00000000e+00 2.78127333e-19]
31 ham [9.99999998e-01 1.67862173e-09]
32 ham [9.99943124e-01 5.68760377e-05]
33 ham [0.85656875 0.14343125]
34 spam [1.94083331e-12 1.00000000e+00]
35 ham [1.00000000e+00 4.91832257e-12]
36 ham [1.0000000e+00 1.6223491e-17]
37 ham [9.99957762e-01 4.22378353e-05]
38 ham [9.99954102e-01 4.58982766e-05]
39 ham [1.00000000e+00 3.00747323e-19]
40 ham [1.0000000e+00 8.2178195e-12]
41 ham [1.00000000e+00 3.99207364e-29]
42 spam [4.65244709e-20 1.00000000e+00]
43 spam [0.24809134 0.75190866]
44 ham [1.0000000e+00 3.5283806e-23]
45 ham [9.99997856e-01 2.14442298e-06]
46 ham [0.99885619 0.00114381]
47 ham [0.97542467 0.02457533]
48 ham [1.00000000e+00 2.13229901e-11]
49 ham [1.00000000e+00 3.87810225e-20]
50 ham [9.99999999e-01 5.00825227e-10]
51 ham [1.00000000e+00 7.02066231e-29]
52 ham [9.99793828e-01 2.06172239e-04]
53 ham [1.00000000e+00 8.68705085e-47]
54 spam [1.03228529e-14 1.00000000e+00]
55 ham [9.99999999e-01 5.71501587e-10]
56 spam [7.49842687e-55 1.00000000e+00]
57 ham [1.0000000e+00 6.4033796e-17]
58 ham [0.99716359 0.00283641]
59 ham [0.98875444 0.01124556]
60 ham [9.99999999e-01 1.39158986e-09]
61 ham [0.50472585 0.49527415]
62 ham [0.85566236 0.14433764]
63 ham [9.99999999e-01 1.25156784e-09]
64 ham [9.99999981e-01 1.90457732e-08]
65 spam [7.21443882e-08 9.99999928e-01]
66 ham [9.99999565e-01 4.34684862e-07]
67 spam [2.64641797e-31 1.00000000e+00]
68 ham [9.99456692e-01 5.43308280e-04]
69 ham [0.99754173 0.00245827]
70 ham [9.99999791e-01 2.08732708e-07]
71 ham [9.99708236e-01 2.91764354e-04]
72 spam [3.90690566e-05 9.99960931e-01]
73 ham [1.00000000e+00 3.12532102e-12]
74 ham [9.99973720e-01 2.62798026e-05]
75 ham [0.53037501 0.46962499]
76 ham [1.00000000e+00 1.01808766e-10]
77 ham [9.99999918e-01 8.16096076e-08]
78 ham [1.00000000e+00 2.67405798e-16]
79 ham [1.00000000e+00 1.71813816e-10]
80 ham [1.00000000e+00 2.33324594e-16]
81 ham [9.99999934e-01 6.62056716e-08]
82 ham [9.99999998e-01 1.92239275e-09]
83 ham [9.99999997e-01 2.66830124e-09]
84 ham [0.65175637 0.34824363]
85 ham [9.99999999e-01 9.44492550e-10]
86 ham [1.00000000e+00 1.12875758e-11]
87 ham [1.00000000e+00 3.75410614e-12]
88 ham [9.99999989e-01 1.11941256e-08]
89 spam [0.11270859 0.88729141]
90 ham [0.52394416 0.47605584]
91 ham [1.00000000e+00 2.99804476e-20]
92 spam [1.16275679e-04 9.99883724e-01]
93 spam [8.66256871e-38 1.00000000e+00]
94 ham [9.99998327e-01 1.67277510e-06]
95 spam [1.20529094e-16 1.00000000e+00]
96 ham [0.99811242 0.00188758]
97 ham [9.99991716e-01 8.28418925e-06]
98 ham [9.99999241e-01 7.58622786e-07]
99 ham [0.9989897 0.0010103]
100 ham [9.99999998e-01 1.63076791e-09]
101 ham [0.97925863 0.02074137]
102 ham [9.99999992e-01 8.25216518e-09]
103 ham [1.00000000e+00 1.16307641e-13]
104 ham [1.00000000e+00 8.24255403e-12]
105 ham [9.99851042e-01 1.48958406e-04]
106 ham [0.63278534 0.36721466]
107 ham [1.00000000e+00 1.08174671e-12]
108 ham [9.99961154e-01 3.88459500e-05]
109 ham [9.99999934e-01 6.61337144e-08]
110 ham [9.99999489e-01 5.11197679e-07]
111 ham [9.99045489e-01 9.54510980e-04]
112 ham [0.87032333 0.12967667]
113 ham [1.00000000e+00 1.64749092e-13]
114 spam [5.8830498e-53 1.0000000e+00]
115 ham [1.00000000e+00 8.14118232e-17]
116 ham [1.00000000e+00 2.12841923e-30]
117 spam [1.78028819e-40 1.00000000e+00]
118 spam [2.17315326e-06 9.99997827e-01]
119 ham [9.99999999e-01 5.02265259e-10]
120 spam [2.59891802e-27 1.00000000e+00]
121 spam [8.69539664e-40 1.00000000e+00]
122 ham [0.98771992 0.01228008]
123 spam [2.92182403e-18 1.00000000e+00]
124 ham [9.99951228e-01 4.87722429e-05]
125 ham [9.99938339e-01 6.16612799e-05]
126 ham [9.99185043e-01 8.14957300e-04]
127 ham [1.00000000e+00 5.39506036e-30]
128 ham [9.99985484e-01 1.45160355e-05]
129 spam [5.16244763e-15 1.00000000e+00]
130 ham [1.00000000e+00 3.94522525e-10]
131 ham [9.99999939e-01 6.05635426e-08]
132 ham [0.93163286 0.06836714]
133 ham [0.93665227 0.06334773]
134 spam [1.57575534e-12 1.00000000e+00]
135 spam [1.78132114e-43 1.00000000e+00]
136 spam [0.287885 0.712115]
137 ham [9.99965157e-01 3.48433970e-05]
138 ham [9.99827045e-01 1.72955263e-04]
139 spam [4.99242803e-07 9.99999501e-01]
140 ham [1.00000000e+00 7.26937848e-18]
141 ham [1.00000000e+00 7.35847987e-14]
142 ham [0.95711622 0.04288378]
143 ham [0.78036727 0.21963273]
144 ham [9.99999995e-01 4.58569719e-09]
145 ham [0.99374783 0.00625217]
146 spam [0.2291118 0.7708882]
147 ham [0.99713784 0.00286216]
148 ham [0.75753754 0.24246246]
149 ham [9.99999152e-01 8.47782050e-07]
150 ham [9.99933250e-01 6.67500281e-05]
151 ham [1.00000000e+00 1.93108189e-10]
152 ham [9.99126111e-01 8.73889344e-04]
153 ham [0.99895302 0.00104698]
154 ham [1.00000000e+00 1.16307641e-13]
155 ham [1.00000000e+00 2.66135665e-32]
156 ham [9.99233524e-01 7.66475797e-04]
157 ham [9.99999999e-01 1.13931080e-09]
158 ham [1.00000000e+00 6.77264343e-31]
159 spam [2.26986811e-09 9.99999998e-01]
160 spam [3.30839176e-36 1.00000000e+00]
161 ham [1.000000e+00 5.612964e-19]
162 ham [9.99960442e-01 3.95581828e-05]
163 ham [1.00000000e+00 1.66034264e-21]
164 spam [3.27196741e-32 1.00000000e+00]
165 spam [3.44583039e-11 1.00000000e+00]
166 ham [0.79354461 0.20645539]
167 spam [2.36150602e-42 1.00000000e+00]
168 ham [0.92176572 0.07823428]
169 ham [0.99618205 0.00381795]
170 ham [0.99889277 0.00110723]
171 ham [9.99949514e-01 5.04859417e-05]
172 ham [1.00000000e+00 2.32525896e-10]
173 ham [9.99999267e-01 7.32790888e-07]
174 ham [9.99284899e-01 7.15100725e-04]
175 ham [1.00000000e+00 2.21927119e-19]
176 ham [1.00000000e+00 2.46302193e-15]
177 ham [0.99736742 0.00263258]
178 ham [1.00000000e+00 5.45491788e-36]
179 ham [9.99999975e-01 2.54444793e-08]
180 spam [0.45444739 0.54555261]
181 ham [1.00000000e+00 1.15009245e-11]
182 ham [9.99900350e-01 9.96499034e-05]
183 ham [1.00000000e+00 4.00987146e-12]
184 ham [9.99647789e-01 3.52211298e-04]
185 ham [0.9638991 0.0361009]
186 ham [9.99999975e-01 2.51236968e-08]
187 ham [9.99666283e-01 3.33716728e-04]
188 spam [6.13956166e-36 1.00000000e+00]
189 ham [9.99999713e-01 2.87426841e-07]
190 ham [1.00000000e+00 2.41264956e-12]
191 spam [6.04342051e-08 9.99999940e-01]
192 ham [1.00000000e+00 1.92361228e-27]
193 ham [0.99890164 0.00109836]
194 ham [0.93852034 0.06147966]
195 ham [1.00000000e+00 5.62359715e-13]
196 ham [9.99902503e-01 9.74973165e-05]
197 ham [9.99999736e-01 2.63560811e-07]
198 ham [0.6389691 0.3610309]
199 ham [1.00000000e+00 4.35546329e-15]
200 ham [1.00000000e+00 1.20852764e-17]
201 ham [1.0000000e+00 9.8401634e-16]
202 ham [9.99995652e-01 4.34829438e-06]
203 ham [1.00000000e+00 9.19859955e-25]
204 ham [0.54683491 0.45316509]
205 ham [0.96508547 0.03491453]
206 ham [9.99990339e-01 9.66122148e-06]
207 ham [1.00000000e+00 1.84868928e-30]
208 spam [0.33070628 0.66929372]
209 ham [9.99999995e-01 4.72494992e-09]
210 ham [9.99368802e-01 6.31197686e-04]
211 ham [1.00000000e+00 1.47997126e-11]
212 ham [9.99305903e-01 6.94097487e-04]
213 ham [9.99999959e-01 4.06253397e-08]
214 ham [9.99990241e-01 9.75930711e-06]
215 ham [9.99976621e-01 2.33786503e-05]
216 spam [0.00737234 0.99262766]
217 ham [9.99992801e-01 7.19886736e-06]
218 ham [0.99883611 0.00116389]
219 ham [0.99854288 0.00145712]
220 ham [1.00000000e+00 1.92627266e-25]
221 ham [9.99847143e-01 1.52856504e-04]
222 ham [9.99579689e-01 4.20310760e-04]
223 ham [1.00000000e+00 5.90831677e-17]
224 ham [9.99999905e-01 9.51115543e-08]
225 spam [8.42161437e-34 1.00000000e+00]
226 ham [9.99999959e-01 4.05684822e-08]
227 spam [5.99090436e-10 9.99999999e-01]
228 spam [0.19702235 0.80297765]
229 ham [9.99999878e-01 1.21688834e-07]
230 ham [9.99925560e-01 7.44403777e-05]
231 ham [1.00000000e+00 8.00736834e-12]
232 ham [0.9932613 0.0067387]
233 ham [9.99999969e-01 3.12374784e-08]
234 ham [9.99997695e-01 2.30523848e-06]
235 spam [1.41693662e-16 1.00000000e+00]
236 ham [1.00000000e+00 4.24647487e-18]
237 ham [9.99920685e-01 7.93150575e-05]
238 ham [9.99999076e-01 9.24283095e-07]
239 ham [1.00000000e+00 1.91857274e-12]
240 spam [1.41712001e-07 9.99999858e-01]
241 ham [9.99659762e-01 3.40237602e-04]
242 spam [0.00604852 0.99395148]
243 ham [9.99748985e-01 2.51015047e-04]
244 ham [1.00000000e+00 8.25117175e-27]
245 ham [9.99999792e-01 2.08188174e-07]
246 ham [1.0000000e+00 1.2987994e-15]
247 ham [0.95987841 0.04012159]
248 spam [0.00574771 0.99425229]
249 ham [1.0000000e+00 9.8336706e-12]
250 spam [6.41091383e-54 1.00000000e+00]
251 spam [0.00177368 0.99822632]
252 ham [0.96747969 0.03252031]
253 ham [9.99999999e-01 5.77889753e-10]
254 spam [0.00123021 0.99876979]
255 ham [1.00000000e+00 3.18757439e-16]
256 ham [1.00000000e+00 9.33423641e-11]
257 ham [0.98548783 0.01451217]
258 ham [1.00000000e+00 6.80318846e-11]
259 spam [4.4248975e-22 1.0000000e+00]
260 ham [9.99999766e-01 2.34361255e-07]
261 ham [0.97160134 0.02839866]
262 ham [1.00000000e+00 1.51710904e-13]
263 spam [5.00891638e-07 9.99999499e-01]
264 spam [2.38803551e-07 9.99999761e-01]
265 ham [0.97734199 0.02265801]
266 spam [0.16588518 0.83411482]
267 ham [9.99627084e-01 3.72915870e-04]
268 spam [3.70701315e-39 1.00000000e+00]
269 ham [0.99553833 0.00446167]
270 spam [5.31918303e-14 1.00000000e+00]
271 ham [0.8183636 0.1816364]
272 ham [0.82861135 0.17138865]
273 spam [1.39984417e-21 1.00000000e+00]
274 ham [9.99481534e-01 5.18466466e-04]
275 ham [0.95449642 0.04550358]
276 ham [0.99835804 0.00164196]
277 ham [0.53907674 0.46092326]
278 ham [1.00000000e+00 2.12521681e-14]
279 ham [9.99999987e-01 1.25597002e-08]
280 ham [0.99718458 0.00281542]
281 ham [0.97394968 0.02605032]
282 ham [9.99994504e-01 5.49557241e-06]
283 ham [9.99976571e-01 2.34289162e-05]
284 ham [0.99509024 0.00490976]
285 ham [1.00000000e+00 3.65110224e-20]
286 ham [9.99999827e-01 1.72569054e-07]
287 ham [9.99431352e-01 5.68648268e-04]
288 ham [9.99999957e-01 4.34886246e-08]
289 ham [1.00000000e+00 9.69039545e-14]
290 ham [0.94595388 0.05404612]
291 ham [0.9647724 0.0352276]
292 ham [9.99647043e-01 3.52957235e-04]
293 ham [0.99685448 0.00314552]
294 ham [9.99386931e-01 6.13068926e-04]
295 spam [0.27770864 0.72229136]
296 spam [1.50560224e-37 1.00000000e+00]
297 ham [0.99646341 0.00353659]
298 ham [1.00000000e+00 9.34264948e-18]
299 ham [0.99005739 0.00994261]
300 ham [1.00000000e+00 2.03494613e-11]
301 ham [9.99761432e-01 2.38568002e-04]
302 ham [9.99983613e-01 1.63869267e-05]
303 ham [0.99588123 0.00411877]
304 ham [0.99111697 0.00888303]
305 spam [1.80561282e-29 1.00000000e+00]
306 ham [1.00000000e+00 8.06050113e-12]
307 ham [9.99342695e-01 6.57304771e-04]
308 ham [9.99726348e-01 2.73652026e-04]
309 spam [6.52841369e-12 1.00000000e+00]
310 ham [9.99099396e-01 9.00604120e-04]
311 spam [7.15828778e-09 9.99999993e-01]
312 spam [4.65279516e-30 1.00000000e+00]
313 ham [1.00000000e+00 2.05554721e-21]
314 ham [9.99999997e-01 2.83648387e-09]
315 ham [1.0000000e+00 4.4902586e-11]
316 ham [0.9988569 0.0011431]
317 ham [9.99999976e-01 2.44903075e-08]
318 ham [9.99999844e-01 1.56234265e-07]
319 spam [6.20957478e-34 1.00000000e+00]
320 ham [9.99991805e-01 8.19486686e-06]
321 ham [9.99872895e-01 1.27104816e-04]
322 ham [9.99999626e-01 3.73731067e-07]
323 spam [4.74345752e-05 9.99952565e-01]
324 ham [9.99999993e-01 7.29340095e-09]
325 ham [9.99999980e-01 2.01434904e-08]
326 ham [9.99997099e-01 2.90127497e-06]
327 ham [9.99966476e-01 3.35240582e-05]
328 ham [1.00000000e+00 2.27717037e-13]
329 ham [1.00000000e+00 4.29795432e-10]
330 ham [1.00000000e+00 7.84032664e-14]
331 ham [9.99800063e-01 1.99936667e-04]
332 ham [0.99730085 0.00269915]
333 spam [5.81243576e-16 1.00000000e+00]
334 spam [0.37476477 0.62523523]
335 spam [7.98134416e-22 1.00000000e+00]
336 ham [9.99961103e-01 3.88971680e-05]
337 ham [9.99589411e-01 4.10589353e-04]
338 ham [0.99811649 0.00188351]
339 ham [1.00000000e+00 4.58092198e-16]
340 ham [0.91733202 0.08266798]
341 ham [9.99999668e-01 3.31791010e-07]
342 ham [0.9160573 0.0839427]
343 ham [0.89889895 0.10110105]
344 ham [9.99989151e-01 1.08489060e-05]
345 ham [0.81594959 0.18405041]
346 ham [9.99997747e-01 2.25314255e-06]
347 ham [0.99643557 0.00356443]
348 ham [0.54084392 0.45915608]
349 spam [8.976544e-12 1.000000e+00]
350 ham [9.99999941e-01 5.88149859e-08]
351 ham [1.00000000e+00 2.31815186e-14]
352 ham [1.00000000e+00 5.53765415e-18]
353 ham [1.00000000e+00 4.46163209e-11]
354 ham [0.9958174 0.0041826]
355 ham [1.0000000e+00 2.6840556e-12]
356 ham [0.97406598 0.02593402]
357 spam [2.42742347e-53 1.00000000e+00]
358 spam [4.41530083e-35 1.00000000e+00]
359 ham [1.00000000e+00 2.83138807e-24]
360 ham [9.99899684e-01 1.00315771e-04]
361 spam [0.02295876 0.97704124]
362 ham [9.99831540e-01 1.68459549e-04]
363 ham [0.9568839 0.0431161]
364 ham [9.99993291e-01 6.70862649e-06]
365 ham [1.0000000e+00 1.9241942e-19]
366 ham [9.99999999e-01 1.14248818e-09]
367 spam [7.00787766e-29 1.00000000e+00]
368 spam [1.97897412e-19 1.00000000e+00]
369 ham [0.93795668 0.06204332]
370 ham [1.00000000e+00 3.06996737e-11]
371 ham [1.00000000e+00 1.45404547e-26]
372 ham [9.99999864e-01 1.35590547e-07]
373 ham [1.00000000e+00 3.50538201e-25]
374 ham [1.00000000e+00 5.70290518e-20]
375 spam [3.56992894e-10 1.00000000e+00]
376 ham [9.99192093e-01 8.07906872e-04]
377 ham [9.99999891e-01 1.08753500e-07]
378 ham [0.99204733 0.00795267]
379 ham [0.98456609 0.01543391]
380 ham [1.00000000e+00 2.58431479e-10]
381 ham [1.00000000e+00 7.20778768e-39]
382 ham [9.99910085e-01 8.99148910e-05]
383 ham [0.99860885 0.00139115]
384 ham [9.99998830e-01 1.16971491e-06]
385 spam [1.86858561e-21 1.00000000e+00]
386 spam [0.11316289 0.88683711]
387 ham [9.99844043e-01 1.55957212e-04]
388 ham [9.99925301e-01 7.46989011e-05]
389 spam [3.76333525e-40 1.00000000e+00]
390 ham [9.99998274e-01 1.72628008e-06]
391 ham [9.99975088e-01 2.49115314e-05]
392 ham [0.99805335 0.00194665]
393 ham [9.99943041e-01 5.69588488e-05]
394 ham [1.00000000e+00 3.76741976e-16]
395 ham [9.99683758e-01 3.16241685e-04]
396 spam [0.03127219 0.96872781]
397 ham [9.99994387e-01 5.61278167e-06]
398 ham [1.00000000e+00 5.42528578e-12]
399 ham [0.99704696 0.00295304]
400 ham [9.99999992e-01 7.99900781e-09]
401 spam [5.41357121e-22 1.00000000e+00]
402 ham [9.99949633e-01 5.03667110e-05]
403 spam [0.28772889 0.71227111]
404 ham [9.99999802e-01 1.98361681e-07]
405 ham [1.00000000e+00 1.25177214e-15]
406 ham [9.99987831e-01 1.21689552e-05]
407 ham [9.99999341e-01 6.59231345e-07]
408 ham [0.99220262 0.00779738]
409 ham [0.62707162 0.37292838]
410 spam [1.88827736e-15 1.00000000e+00]
411 ham [9.99815076e-01 1.84924335e-04]
412 ham [9.99956026e-01 4.39736666e-05]
413 ham [1.00000000e+00 4.96501453e-11]
414 ham [0.77286876 0.22713124]
415 spam [2.69627936e-05 9.99973037e-01]
416 ham [0.99747738 0.00252262]
417 ham [0.99704441 0.00295559]
418 spam [5.65468791e-27 1.00000000e+00]
419 ham [1.00000000e+00 1.81869624e-13]
420 spam [2.2166256e-30 1.0000000e+00]
421 ham [9.99999800e-01 1.99828983e-07]
422 spam [3.61299717e-17 1.00000000e+00]
423 spam [0.14114207 0.85885793]
424 spam [6.17498284e-33 1.00000000e+00]
425 ham [1.0000000e+00 2.2728775e-20]
426 ham [1.00000000e+00 2.12464474e-11]
427 ham [9.99999959e-01 4.09360760e-08]
428 spam [0.33657578 0.66342422]
429 ham [9.99999944e-01 5.61024158e-08]
430 ham [1.00000000e+00 2.03439611e-27]
431 ham [9.99259898e-01 7.40101901e-04]
432 spam [0.03826827 0.96173173]
433 spam [2.86582887e-31 1.00000000e+00]
434 spam [0.48119082 0.51880918]
435 ham [1.00000000e+00 5.55028857e-24]
436 ham [1.00000000e+00 2.51542929e-40]
437 ham [9.99999981e-01 1.91257790e-08]
438 ham [0.99040459 0.00959541]
439 spam [0.02219507 0.97780493]
440 ham [1.00000000e+00 2.16825734e-10]
441 ham [9.99999681e-01 3.19460889e-07]
442 ham [0.99515476 0.00484524]
443 ham [1.00000000e+00 3.19554551e-16]
444 ham [1.00000000e+00 8.06397963e-16]
445 spam [1.16726805e-08 9.99999988e-01]
446 ham [1.0000000e+00 2.6679122e-18]
447 ham [0.99889615 0.00110385]
448 ham [9.99999807e-01 1.92701415e-07]
449 ham [9.99320965e-01 6.79034979e-04]
450 ham [0.99710398 0.00289602]
451 spam [0.27297465 0.72702535]
452 ham [9.99999928e-01 7.15180414e-08]
453 ham [9.99999208e-01 7.91879064e-07]
454 ham [9.99999885e-01 1.14829274e-07]
455 spam [6.33534777e-13 1.00000000e+00]
456 ham [0.99785146 0.00214854]
457 spam [2.7013584e-11 1.0000000e+00]
458 ham [9.99999993e-01 6.99884043e-09]
459 ham [0.76313224 0.23686776]
460 ham [9.99765820e-01 2.34180213e-04]
461 ham [9.99957864e-01 4.21359581e-05]
462 spam [0.26796938 0.73203062]
463 spam [2.41890103e-36 1.00000000e+00]
464 ham [1.00000000e+00 8.33076045e-16]
465 ham [9.99999898e-01 1.01814473e-07]
466 ham [1.00000000e+00 1.00961899e-20]
467 ham [9.99999951e-01 4.88728519e-08]
468 ham [9.99921803e-01 7.81972429e-05]
469 ham [9.99999999e-01 1.33342519e-09]
470 ham [0.989971 0.010029]
471 spam [2.43785021e-25 1.00000000e+00]
472 ham [0.99550968 0.00449032]
473 ham [1.00000000e+00 4.44646965e-35]
474 spam [1.75790673e-43 1.00000000e+00]
475 ham [9.99999951e-01 4.92605313e-08]
476 ham [9.99999999e-01 6.84183258e-10]
477 ham [9.99994167e-01 5.83281855e-06]
478 ham [0.98235236 0.01764764]
479 ham [1.00000000e+00 4.86105253e-14]
480 ham [9.99998356e-01 1.64398239e-06]
481 ham [9.99833745e-01 1.66255254e-04]
482 ham [9.99999991e-01 8.80781166e-09]
483 ham [9.99871141e-01 1.28858659e-04]
484 ham [9.99997186e-01 2.81382983e-06]
485 spam [0.01136665 0.98863335]
486 ham [0.94350415 0.05649585]
487 spam [1.34936715e-21 1.00000000e+00]
488 ham [0.9963321 0.0036679]
489 ham [0.53903187 0.46096813]
490 ham [9.99999999e-01 5.76111354e-10]
491 ham [1.00000000e+00 2.63884429e-11]
492 spam [7.8869508e-54 1.0000000e+00]
493 ham [1.00000000e+00 3.29953244e-13]
494 ham [1.00000000e+00 7.95390018e-17]
495 ham [9.99980555e-01 1.94450190e-05]
496 ham [0.99813462 0.00186538]
497 ham [9.99999965e-01 3.51044987e-08]
498 ham [0.9909158 0.0090842]
499 spam [0.41113447 0.58886553]
500 ham [9.99729664e-01 2.70336123e-04]
501 spam [4.63645188e-06 9.99995364e-01]
502 ham [9.99531632e-01 4.68367680e-04]
503 spam [0.35281258 0.64718742]
504 ham [0.84030768 0.15969232]
505 spam [1.4278158e-29 1.0000000e+00]
506 ham [1.00000000e+00 4.45881214e-10]
507 ham [0.86979373 0.13020627]
508 ham [1.00000000e+00 1.49079697e-21]
509 ham [9.99891184e-01 1.08816110e-04]
510 spam [9.64606339e-08 9.99999904e-01]
511 ham [9.99999717e-01 2.83056635e-07]
512 ham [1.00000000e+00 1.27249834e-14]
513 ham [0.98901604 0.01098396]
514 ham [0.98987289 0.01012711]
515 spam [4.17354492e-39 1.00000000e+00]
516 ham [0.81214737 0.18785263]
517 spam [2.02122167e-25 1.00000000e+00]
518 spam [1.28273124e-13 1.00000000e+00]
519 ham [9.99999983e-01 1.66968734e-08]
520 ham [9.99999998e-01 1.73262076e-09]
521 ham [9.99947230e-01 5.27698531e-05]
522 ham [9.99865717e-01 1.34282793e-04]
523 ham [0.96116332 0.03883668]
524 ham [9.99395232e-01 6.04767504e-04]
525 spam [7.77935576e-41 1.00000000e+00]
526 ham [9.99989873e-01 1.01274193e-05]
527 spam [2.89134983e-24 1.00000000e+00]
528 ham [9.99486062e-01 5.13937632e-04]
529 spam [4.76249303e-09 9.99999995e-01]
530 ham [9.99899800e-01 1.00200379e-04]
531 spam [5.59570433e-44 1.00000000e+00]
532 ham [9.99853478e-01 1.46521690e-04]
533 ham [9.99997604e-01 2.39639409e-06]
534 ham [1.00000000e+00 3.35991529e-11]
535 ham [1.00000000e+00 5.55209782e-25]
536 ham [1.00000000e+00 3.46290443e-19]
537 ham [9.99999722e-01 2.77620875e-07]
538 ham [9.9999984e-01 1.5992967e-07]
539 ham [0.99687896 0.00312104]
540 ham [9.99998134e-01 1.86576172e-06]
541 spam [3.11744484e-28 1.00000000e+00]
542 spam [0.02180839 0.97819161]
543 ham [9.99999848e-01 1.52454549e-07]
544 spam [0.02621686 0.97378314]
545 ham [9.99999558e-01 4.41574294e-07]
546 ham [0.98260154 0.01739846]
547 ham [1.000000e+00 9.237751e-20]
548 ham [9.99440135e-01 5.59865481e-04]
549 ham [1.00000000e+00 7.53412555e-18]
550 ham [1.00000000e+00 2.87686739e-15]
551 ham [9.99999997e-01 3.02213828e-09]
552 ham [9.99999414e-01 5.85672117e-07]
553 ham [0.99115699 0.00884301]
554 ham [1.00000000e+00 2.23758649e-15]
555 ham [9.99617778e-01 3.82222137e-04]
556 spam [0.02501443 0.97498557]
557 ham [9.99994363e-01 5.63705685e-06]
558 ham [9.99999977e-01 2.31058234e-08]
559 ham [9.99999997e-01 3.32072770e-09]
560 ham [1.00000000e+00 1.23866398e-11]
561 ham [1.00000000e+00 1.60594027e-11]
562 ham [9.99999642e-01 3.57924965e-07]
563 ham [1.00000000e+00 3.58772763e-10]
564 spam [5.88371842e-52 1.00000000e+00]
565 ham [1.00000000e+00 3.17180281e-36]
566 spam [0.0538948 0.9461052]
567 ham [0.97425213 0.02574787]
568 ham [1.00000000e+00 1.77089666e-18]
569 ham [9.99927212e-01 7.27882383e-05]
570 spam [0.15684139 0.84315861]
571 ham [1.0000000e+00 2.0786901e-13]
572 ham [9.99995558e-01 4.44150054e-06]
573 ham [0.9977727 0.0022273]
574 ham [0.91555094 0.08444906]
575 ham [0.99423554 0.00576446]
576 spam [3.84973345e-28 1.00000000e+00]
577 ham [1.0000000e+00 8.8246673e-21]
578 ham [9.9999825e-01 1.7504767e-06]
579 spam [1.94994407e-10 1.00000000e+00]
580 ham [9.99703632e-01 2.96367908e-04]
581 ham [9.99798482e-01 2.01517656e-04]
582 ham [9.99998880e-01 1.12020288e-06]
583 spam [3.06993012e-22 1.00000000e+00]
584 ham [9.99998153e-01 1.84686361e-06]
585 ham [9.99997860e-01 2.14040233e-06]
586 ham [9.99904689e-01 9.53111039e-05]
587 ham [1.0000000e+00 3.7855506e-13]
588 spam [0.03724177 0.96275823]
589 ham [0.66079164 0.33920836]
590 ham [9.99999999e-01 9.32782327e-10]
591 spam [1.28421005e-33 1.00000000e+00]
592 spam [5.49641694e-33 1.00000000e+00]
593 spam [7.15511498e-38 1.00000000e+00]
594 ham [0.77175824 0.22824176]
595 spam [0.09628292 0.90371708]
596 ham [9.99999989e-01 1.12049156e-08]
597 ham [9.99968721e-01 3.12792828e-05]
598 spam [1.05936138e-10 1.00000000e+00]
599 ham [0.96971262 0.03028738]
600 ham [1.0000000e+00 7.4246468e-11]
601 spam [5.71202030e-04 9.99428798e-01]
602 ham [1.00000000e+00 5.90997552e-17]
603 ham [0.93082731 0.06917269]
604 ham [9.99998865e-01 1.13476143e-06]
605 ham [9.99362650e-01 6.37350206e-04]
606 spam [0.0264985 0.9735015]
607 spam [4.45903256e-20 1.00000000e+00]
608 ham [9.99999706e-01 2.93833521e-07]
609 ham [9.99990777e-01 9.22255018e-06]
610 ham [9.99999289e-01 7.11192356e-07]
611 spam [6.83328539e-15 1.00000000e+00]
612 ham [9.99159716e-01 8.40283594e-04]
613 ham [0.99322577 0.00677423]
614 spam [6.45136656e-15 1.00000000e+00]
615 ham [9.99982444e-01 1.75555663e-05]
616 ham [9.99999993e-01 7.22476683e-09]
617 ham [9.99999994e-01 6.25229027e-09]
618 ham [0.98833309 0.01166691]
619 ham [9.99982641e-01 1.73593263e-05]
620 spam [0.03645418 0.96354582]
621 ham [1.00000000e+00 8.68657098e-19]
622 ham [0.99513975 0.00486025]
623 spam [1.87047704e-07 9.99999813e-01]
624 ham [9.99999988e-01 1.24356312e-08]
625 ham [9.99999996e-01 4.02167925e-09]
626 ham [9.99999820e-01 1.80121128e-07]
627 ham [0.99875229 0.00124771]
628 ham [9.99999875e-01 1.24706189e-07]
629 spam [3.89907644e-16 1.00000000e+00]
630 spam [1.38491059e-18 1.00000000e+00]
631 ham [9.99993348e-01 6.65172846e-06]
632 ham [0.92082018 0.07917982]
633 ham [9.99999208e-01 7.92302276e-07]
634 ham [0.86915659 0.13084341]
635 spam [5.02253611e-33 1.00000000e+00]
636 ham [9.99381898e-01 6.18102395e-04]
637 ham [9.99999740e-01 2.59862086e-07]
638 ham [9.99988724e-01 1.12759166e-05]
639 ham [9.99828121e-01 1.71879032e-04]
640 ham [0.9939041 0.0060959]
641 ham [1.00000000e+00 1.49470939e-21]
642 ham [1.00000000e+00 1.46632896e-11]
643 ham [0.9939094 0.0060906]
644 ham [9.99926534e-01 7.34658126e-05]
645 spam [0.48967866 0.51032134]
646 ham [1.00000000e+00 1.92719573e-10]
647 ham [1.00000000e+00 1.14825348e-10]
648 spam [1.81733062e-37 1.00000000e+00]
649 ham [0.99833711 0.00166289]
650 spam [9.21081995e-46 1.00000000e+00]
651 spam [0.31886908 0.68113092]
652 ham [1.00000000e+00 2.18869509e-16]
653 ham [9.99999076e-01 9.24270362e-07]
654 ham [9.99968991e-01 3.10094628e-05]
655 ham [9.99998716e-01 1.28350138e-06]
656 ham [0.98386771 0.01613229]
657 ham [9.99983428e-01 1.65721780e-05]
658 ham [9.99999996e-01 3.70261633e-09]
659 ham [9.99617536e-01 3.82464086e-04]
660 spam [0.00142113 0.99857887]
661 spam [0.22260987 0.77739013]
662 ham [9.99606994e-01 3.93006425e-04]
663 ham [9.99999993e-01 6.95232653e-09]
664 spam [0.04201005 0.95798995]
665 ham [0.83618975 0.16381025]
666 spam [0.01692019 0.98307981]
667 ham [1.00000000e+00 1.20088951e-12]
668 ham [1.0000000e+00 1.6340863e-13]
669 ham [9.99295938e-01 7.04062121e-04]
670 ham [0.9617915 0.0382085]
671 spam [0.00232277 0.99767723]
672 spam [2.52957248e-12 1.00000000e+00]
673 spam [2.95606455e-25 1.00000000e+00]
674 ham [1.0000000e+00 1.4159528e-26]
675 ham [1.00000000e+00 7.56707392e-27]
676 ham [9.99998619e-01 1.38111511e-06]
677 spam [0.04173124 0.95826876]
678 ham [1.00000000e+00 1.79355825e-18]
679 ham [9.99999919e-01 8.09482881e-08]
680 ham [1.00000000e+00 7.88334603e-19]
681 ham [9.99503093e-01 4.96906566e-04]
682 ham [9.99852258e-01 1.47741626e-04]
683 ham [0.9725936 0.0274064]
684 ham [1.00000000e+00 3.17061097e-11]
685 ham [9.99999997e-01 2.65052248e-09]
686 ham [9.99919472e-01 8.05275072e-05]
687 spam [0.00109522 0.99890478]
688 ham [9.99667764e-01 3.32236161e-04]
689 ham [9.99820229e-01 1.79770884e-04]
690 spam [6.97018117e-04 9.99302982e-01]
691 ham [0.94302608 0.05697392]
692 spam [0.18485939 0.81514061]
693 ham [9.99999972e-01 2.84018318e-08]
694 ham [0.99683525 0.00316475]
695 ham [0.99777862 0.00222138]
696 ham [9.99997899e-01 2.10075407e-06]
697 ham [9.99751708e-01 2.48292434e-04]
698 ham [9.99996101e-01 3.89911713e-06]
699 ham [9.99973369e-01 2.66311182e-05]
700 ham [0.98623916 0.01376084]
701 ham [9.99749037e-01 2.50963135e-04]
702 ham [1.00000000e+00 1.29949272e-16]
703 ham [0.85971979 0.14028021]
704 ham [9.99999667e-01 3.32522237e-07]
705 ham [1.00000000e+00 3.41358944e-14]
706 ham [1.00000000e+00 1.32123896e-12]
707 ham [9.99375147e-01 6.24853088e-04]
708 ham [9.99970431e-01 2.95689922e-05]
709 spam [9.96899506e-23 1.00000000e+00]
710 spam [1.63372207e-48 1.00000000e+00]
711 spam [0.01036558 0.98963442]
712 ham [1.00000000e+00 1.09106088e-12]
713 spam [2.19479643e-10 1.00000000e+00]
714 ham [9.99958669e-01 4.13313917e-05]
715 ham [9.99999584e-01 4.16077649e-07]
716 ham [9.99999997e-01 3.15164711e-09]
717 spam [1.93441373e-35 1.00000000e+00]
718 ham [1.00000000e+00 1.24684322e-20]
719 spam [2.55639458e-40 1.00000000e+00]
720 ham [9.99999663e-01 3.36932263e-07]
721 ham [9.99324632e-01 6.75368078e-04]
722 ham [0.9967694 0.0032306]
723 ham [0.63296413 0.36703587]
724 ham [0.67531804 0.32468196]
725 ham [1.00000000e+00 1.71589932e-19]
726 ham [0.99468244 0.00531756]
727 ham [1.00000000e+00 6.50838761e-28]
728 ham [0.87528173 0.12471827]
729 spam [0.40794589 0.59205411]
730 ham [9.99855640e-01 1.44359703e-04]
731 spam [5.75784595e-11 1.00000000e+00]
732 ham [9.99920417e-01 7.95825937e-05]
733 ham [9.99999981e-01 1.91274525e-08]
734 ham [9.99414059e-01 5.85941386e-04]
735 ham [0.91224729 0.08775271]
736 ham [9.99912305e-01 8.76951047e-05]
737 ham [9.99997797e-01 2.20254699e-06]
738 spam [5.39474088e-37 1.00000000e+00]
739 ham [0.99846411 0.00153589]
740 ham [9.99998605e-01 1.39484585e-06]
741 ham [9.99999993e-01 7.05604680e-09]
742 ham [9.99990930e-01 9.07014725e-06]
743 ham [1.00000000e+00 1.11520157e-17]
744 ham [0.99207415 0.00792585]
745 spam [0.06681094 0.93318906]
746 ham [0.99818354 0.00181646]
747 ham [1.00000000e+00 2.67812371e-12]
748 spam [1.77667091e-09 9.99999998e-01]
749 ham [1.00000000e+00 6.61902758e-11]
