0 ham [9.99999636e-01 3.64061735e-07]
1 ham [9.99958596e-01 4.14040330e-05]
2 spam [5.53373192e-20 1.00000000e+00]
3 ham [9.99999994e-01 6.08312729e-09]
4 ham [9.99999994e-01 5.81007164e-09]
5 ham [9.99999999e-01 1.38645684e-09]
6 ham [9.99999780e-01 2.20225169e-07]
7 ham [1.00000000e+00 6.68489604e-13]
8 spam [9.64789406e-21 1.00000000e+00]
9 spam [1.76535092e-17 1.00000000e+00]
10 ham [1.00000000e+00 2.58169914e-21]
11 spam [2.29209125e-23 1.00000000e+00]
12 spam [3.02748149e-26 1.00000000e+00]
13 ham [1.00000000e+00 3.40912847e-14]
14 ham [0.82652331 0.17347669]
15 spam [3.00910538e-07 9.99999699e-01]
16 ham [1.00000000e+00 4.86285248e-12]
17 ham [9.99999358e-01 6.41702849e-07]
18 ham [9.99999972e-01 2.83704061e-08]
19 spam [3.00158766e-20 1.00000000e+00]
20 ham [9.99040999e-01 9.59000997e-04]
21 ham [0.90475271 0.09524729]
22 ham [9.99998090e-01 1.90955902e-06]
23 ham [1.00000000e+00 1.91844117e-12]
24 ham [9.99996340e-01 3.66034576e-06]
25 ham [1.00000000e+00 1.58775993e-10]
26 ham [0.98480852 0.01519148]
27 ham [1.00000000e+00 1.11902744e-14]
28 ham [1.00000000e+00 1.30864121e-25]
29 ham [9.99989507e-01 1.04926121e-05]
30 ham [1.00000000e+00 9.15800062e-20]
31 ham [1.00000000e+00 5.47281212e-14]
32 ham [9.99965156e-01 3.48442085e-05]
33 ham [9.99750495e-01 2.49504931e-04]
34 spam [1.54862929e-05 9.99984514e-01]
35 ham [1.00000000e+00 4.65164071e-14]
36 ham [1.00000000e+00 2.31637321e-14]
37 ham [9.99834120e-01 1.65880416e-04]
38 ham [9.99987862e-01 1.21381186e-05]
39 ham [1.00000000e+00 4.65183625e-19]
40 ham [9.99999995e-01 4.52273514e-09]
41 ham [1.00000000e+00 4.06357851e-25]
42 spam [1.0251488e-13 1.0000000e+00]
43 ham [0.98311854 0.01688146]
44 ham [1.00000000e+00 2.12696957e-18]
45 ham [9.99975478e-01 2.45221875e-05]
46 ham [9.99979728e-01 2.02721031e-05]
47 ham [0.99615617 0.00384383]
48 ham [1.00000000e+00 2.82646015e-11]
49 ham [1.0000000e+00 1.5159765e-16]
50 ham [1.00000000e+00 1.71141103e-10]
51 ham [1.00000000e+00 3.69667818e-22]
52 ham [9.99963388e-01 3.66119970e-05]
53 ham [1.00000000e+00 5.96578675e-43]
54 spam [1.54423721e-06 9.99998456e-01]
55 ham [1.00000000e+00 6.31617938e-11]
56 spam [1.48617667e-32 1.00000000e+00]
57 ham [1.00000000e+00 6.64396055e-11]
58 ham [0.99573362 0.00426638]
59 ham [0.98551923 0.01448077]
60 ham [1.00000000e+00 1.18751324e-11]
61 ham [0.96068777 0.03931223]
62 ham [0.90437284 0.09562716]
63 ham [9.99999991e-01 8.92317650e-09]
64 ham [9.99999999e-01 1.06430832e-09]
65 spam [0.02020011 0.97979989]
66 ham [9.99999998e-01 1.64658592e-09]
67 spam [4.08980225e-23 1.00000000e+00]
68 ham [9.99939443e-01 6.05572380e-05]
69 ham [0.99442546 0.00557454]
70 ham [9.99999877e-01 1.23025431e-07]
71 ham [9.99930418e-01 6.95817675e-05]
72 ham [0.74455718 0.25544282]
73 ham [1.00000000e+00 3.50319886e-12]
74 ham [9.99994099e-01 5.90069872e-06]
75 ham [0.99058603 0.00941397]
76 ham [9.99999998e-01 2.36589966e-09]
77 ham [9.99999991e-01 8.58352276e-09]
78 ham [1.00000000e+00 1.99691475e-12]
79 ham [1.00000000e+00 1.80179929e-11]
80 ham [9.99999999e-01 6.78413005e-10]
81 ham [9.99999603e-01 3.97018145e-07]
82 ham [9.99999972e-01 2.84001837e-08]
83 ham [9.99999933e-01 6.65505383e-08]
84 spam [0.34004242 0.65995758]
85 ham [9.99999995e-01 5.21397212e-09]
86 ham [1.00000000e+00 1.90142604e-11]
87 ham [1.00000000e+00 3.91397964e-12]
88 ham [9.99999569e-01 4.30880981e-07]
89 ham [0.77931382 0.22068618]
90 ham [0.96946925 0.03053075]
91 ham [1.0000000e+00 2.5639141e-21]
92 ham [0.91399554 0.08600446]
93 spam [3.99818708e-27 1.00000000e+00]
94 ham [9.99999921e-01 7.88430896e-08]
95 spam [7.50436764e-09 9.99999992e-01]
96 ham [9.99101857e-01 8.98142671e-04]
97 ham [9.99999413e-01 5.86789439e-07]
98 ham [9.99999997e-01 3.10712262e-09]
99 ham [0.99196878 0.00803122]
100 ham [9.99999997e-01 3.17811489e-09]
101 ham [0.99792081 0.00207919]
102 ham [9.99999997e-01 3.38014748e-09]
103 ham [9.99999405e-01 5.94994517e-07]
104 ham [1.00000000e+00 6.00090902e-15]
105 ham [9.99991075e-01 8.92464500e-06]
106 ham [0.9965738 0.0034262]
107 ham [9.99999999e-01 1.45853897e-09]
108 ham [9.99974514e-01 2.54862358e-05]
109 ham [9.99999963e-01 3.73369320e-08]
110 ham [9.99998624e-01 1.37565784e-06]
111 ham [0.99791 0.00209]
112 ham [0.97693594 0.02306406]
113 ham [1.00000000e+00 5.25143766e-15]
114 spam [1.80820953e-29 1.00000000e+00]
115 ham [1.00000000e+00 9.40458402e-17]
116 ham [1.00000000e+00 4.11360636e-20]
117 spam [1.08511675e-28 1.00000000e+00]
118 spam [1.58617473e-05 9.99984138e-01]
119 ham [1.00000000e+00 1.94236679e-10]
120 spam [7.55670444e-16 1.00000000e+00]
121 spam [2.08339966e-24 1.00000000e+00]
122 ham [0.99821711 0.00178289]
123 spam [1.01952197e-14 1.00000000e+00]
124 ham [9.99914134e-01 8.58656930e-05]
125 ham [9.99983486e-01 1.65136729e-05]
126 ham [9.99016519e-01 9.83480734e-04]
127 ham [1.00000000e+00 4.69894564e-31]
128 ham [9.99989528e-01 1.04722048e-05]
129 spam [0.08621602 0.91378398]
130 ham [1.0000000e+00 4.0620908e-10]
131 ham [9.99997173e-01 2.82700983e-06]
132 ham [0.98838604 0.01161396]
133 ham [0.9137365 0.0862635]
134 spam [5.46416400e-04 9.99453584e-01]
135 spam [7.61098804e-26 1.00000000e+00]
136 spam [0.02975466 0.97024534]
137 ham [9.99977404e-01 2.25960232e-05]
138 ham [0.99842333 0.00157667]
139 ham [0.91944784 0.08055216]
140 ham [1.00000000e+00 8.99039672e-16]
141 ham [1.00000000e+00 1.55315447e-10]
142 ham [0.83560174 0.16439826]
143 ham [0.99899956 0.00100044]
144 ham [9.99999944e-01 5.58258059e-08]
145 ham [0.99323673 0.00676327]
146 ham [0.8051125 0.1948875]
147 ham [9.99802770e-01 1.97230307e-04]
148 ham [9.99760579e-01 2.39421129e-04]
149 ham [9.99999432e-01 5.67850246e-07]
150 ham [9.99972477e-01 2.75225442e-05]
151 ham [1.00000000e+00 1.21684539e-10]
152 ham [9.99820004e-01 1.79995609e-04]
153 ham [9.99646680e-01 3.53319785e-04]
154 ham [9.99999405e-01 5.94994517e-07]
155 ham [1.00000000e+00 1.66893111e-41]
156 ham [9.99768216e-01 2.31784355e-04]
157 ham [9.99999967e-01 3.27489906e-08]
158 ham [1.00000000e+00 1.88140581e-29]
159 spam [4.61021340e-05 9.99953898e-01]
160 spam [6.61336322e-24 1.00000000e+00]
161 ham [1.00000000e+00 3.79214777e-17]
162 ham [9.99999779e-01 2.20566824e-07]
163 ham [1.00000000e+00 1.40925946e-19]
164 spam [4.36999644e-19 1.00000000e+00]
165 spam [3.63910297e-05 9.99963609e-01]
166 ham [0.74294525 0.25705475]
167 spam [1.02698763e-23 1.00000000e+00]
168 ham [0.99676808 0.00323192]
169 ham [0.99817176 0.00182824]
170 ham [9.99552350e-01 4.47649832e-04]
171 ham [9.99967290e-01 3.27099649e-05]
172 ham [1.00000000e+00 1.06910806e-11]
173 ham [9.99997717e-01 2.28277223e-06]
174 ham [9.99999446e-01 5.54288892e-07]
175 ham [1.00000000e+00 1.71696643e-17]
176 ham [1.00000000e+00 2.28511664e-15]
177 ham [9.99427118e-01 5.72882064e-04]
178 ham [1.00000000e+00 5.76184601e-31]
179 ham [1.00000000e+00 6.94746003e-11]
180 ham [9.99999367e-01 6.33056888e-07]
181 ham [1.00000000e+00 4.13649524e-12]
182 ham [9.99797702e-01 2.02298410e-04]
183 ham [9.99999997e-01 3.35689355e-09]
184 ham [9.99177486e-01 8.22514136e-04]
185 ham [0.99523367 0.00476633]
186 ham [1.0000000e+00 2.4989407e-10]
187 ham [9.99769138e-01 2.30862389e-04]
188 spam [1.18593134e-25 1.00000000e+00]
189 ham [9.99999993e-01 7.20062105e-09]
190 ham [1.00000000e+00 7.03700504e-12]
191 spam [2.20820365e-05 9.99977918e-01]
192 ham [1.00000000e+00 3.59989445e-24]
193 ham [9.99511284e-01 4.88715880e-04]
194 ham [0.99459662 0.00540338]
195 ham [1.00000000e+00 4.71128529e-12]
196 ham [9.99772238e-01 2.27761617e-04]
197 ham [9.99996765e-01 3.23536630e-06]
198 ham [0.99049777 0.00950223]
199 ham [1.00000000e+00 2.74128462e-18]
200 ham [1.00000000e+00 6.37361828e-15]
201 ham [1.00000000e+00 1.76394566e-11]
202 ham [9.99999932e-01 6.84762357e-08]
203 ham [1.00000000e+00 4.71823724e-24]
204 ham [0.73224471 0.26775529]
205 ham [0.99693338 0.00306662]
206 ham [9.99999843e-01 1.56570563e-07]
207 ham [1.00000000e+00 2.03697093e-20]
208 spam [0.39173622 0.60826378]
209 ham [9.99999991e-01 9.43900670e-09]
210 ham [9.99945742e-01 5.42576354e-05]
211 ham [9.99999998e-01 2.35471232e-09]
212 ham [9.99556114e-01 4.43886446e-04]
213 ham [9.99999979e-01 2.09571988e-08]
214 ham [9.99789869e-01 2.10130748e-04]
215 ham [9.99994105e-01 5.89522725e-06]
216 spam [0.07957262 0.92042738]
217 ham [9.99996955e-01 3.04515876e-06]
218 ham [9.99899903e-01 1.00096837e-04]
219 ham [0.99707654 0.00292346]
220 ham [1.00000000e+00 1.19631224e-26]
221 ham [9.99841007e-01 1.58993267e-04]
222 ham [9.99999836e-01 1.63644488e-07]
223 ham [1.0000000e+00 1.9882169e-10]
224 ham [9.99999998e-01 2.38032349e-09]
225 spam [1.55140028e-26 1.00000000e+00]
226 ham [9.99999992e-01 8.33966744e-09]
227 spam [1.13204775e-05 9.99988680e-01]
228 spam [0.32419221 0.67580779]
229 ham [9.99999997e-01 2.69946142e-09]
230 ham [9.99970031e-01 2.99685779e-05]
231 ham [1.00000000e+00 3.99092319e-11]
232 ham [0.98919333 0.01080667]
233 ham [9.99986921e-01 1.30790095e-05]
234 ham [9.99997679e-01 2.32147263e-06]
235 spam [9.22888001e-10 9.99999999e-01]
236 ham [1.0000000e+00 1.7193972e-13]
237 ham [9.99996713e-01 3.28673744e-06]
238 ham [9.99999612e-01 3.88483690e-07]
239 ham [1.00000000e+00 2.11705544e-13]
240 spam [0.00354562 0.99645438]
241 ham [9.99996573e-01 3.42749100e-06]
242 spam [0.18997343 0.81002657]
243 ham [9.99995830e-01 4.17024104e-06]
244 ham [1.00000000e+00 3.60948807e-29]
245 ham [9.99999237e-01 7.62742698e-07]
246 ham [1.00000000e+00 1.43387393e-14]
247 ham [0.88669924 0.11330076]
248 spam [0.0368815 0.9631185]
249 ham [1.00000000e+00 1.24680069e-13]
250 spam [6.67327797e-37 1.00000000e+00]
251 spam [0.01304693 0.98695307]
252 ham [9.99999239e-01 7.60784833e-07]
253 ham [9.99999999e-01 8.57601836e-10]
254 ham [0.99561379 0.00438621]
255 ham [1.00000000e+00 2.30810353e-12]
256 ham [1.0000000e+00 1.3891446e-11]
257 ham [0.99849146 0.00150854]
258 ham [9.99999998e-01 1.65912949e-09]
259 spam [1.21902777e-12 1.00000000e+00]
260 ham [9.99999953e-01 4.71203550e-08]
261 ham [0.8562963 0.1437037]
262 ham [1.00000000e+00 1.56744859e-13]
263 spam [0.0251345 0.9748655]
264 spam [1.51097445e-05 9.99984890e-01]
265 ham [0.99600477 0.00399523]
266 ham [0.69313606 0.30686394]
267 ham [9.99928316e-01 7.16844714e-05]
268 spam [1.10285159e-27 1.00000000e+00]
269 ham [0.99491208 0.00508792]
270 spam [8.28808688e-09 9.99999992e-01]
271 ham [0.99735312 0.00264688]
272 ham [9.99993034e-01 6.96582808e-06]
273 spam [6.18546544e-16 1.00000000e+00]
274 ham [9.99831636e-01 1.68363604e-04]
275 ham [0.95443031 0.04556969]
276 ham [0.99624802 0.00375198]
277 ham [0.72298743 0.27701257]
278 ham [1.00000000e+00 4.36793954e-12]
279 ham [9.99999997e-01 2.69776846e-09]
280 ham [9.99061731e-01 9.38268905e-04]
281 ham [0.99540102 0.00459898]
282 ham [9.99999993e-01 7.03531128e-09]
283 ham [9.99747993e-01 2.52007180e-04]
284 ham [0.99624802 0.00375198]
285 ham [1.0000000e+00 5.0019523e-18]
286 ham [9.99999864e-01 1.36070606e-07]
287 ham [0.99653766 0.00346234]
288 ham [1.00000000e+00 3.99109809e-12]
289 ham [1.0000000e+00 4.9766852e-16]
290 ham [9.99997519e-01 2.48061624e-06]
291 ham [0.98548749 0.01451251]
292 ham [9.99904975e-01 9.50249788e-05]
293 ham [0.99875341 0.00124659]
294 ham [0.99870229 0.00129771]
295 spam [0.36103763 0.63896237]
296 spam [1.02116261e-18 1.00000000e+00]
297 ham [9.99965664e-01 3.43356608e-05]
298 ham [1.00000000e+00 7.03969423e-24]
299 ham [0.98405065 0.01594935]
300 ham [1.00000000e+00 3.09438151e-12]
301 ham [9.99999097e-01 9.02659720e-07]
302 ham [9.99999999e-01 1.33194192e-09]
303 ham [9.99999692e-01 3.07655705e-07]
304 ham [0.95213102 0.04786898]
305 spam [6.90376364e-21 1.00000000e+00]
306 ham [1.00000000e+00 3.45320007e-12]
307 ham [9.99829362e-01 1.70638456e-04]
308 ham [9.99982842e-01 1.71579996e-05]
309 spam [5.78946980e-08 9.99999942e-01]
310 ham [9.99802163e-01 1.97836502e-04]
311 spam [0.0139983 0.9860017]
312 spam [1.68317405e-18 1.00000000e+00]
313 ham [1.0000000e+00 2.9695548e-21]
314 ham [1.0000000e+00 3.4167653e-11]
315 ham [9.99999999e-01 1.07085512e-09]
316 ham [9.99464131e-01 5.35868775e-04]
317 ham [1.00000000e+00 1.88912859e-10]
318 ham [9.99998353e-01 1.64711516e-06]
319 spam [4.25687991e-21 1.00000000e+00]
320 ham [9.99998997e-01 1.00290015e-06]
321 ham [9.99999387e-01 6.12520787e-07]
322 ham [9.99999959e-01 4.10615039e-08]
323 spam [0.05587212 0.94412788]
324 ham [1.00000000e+00 3.79068592e-12]
325 ham [9.99997369e-01 2.63129642e-06]
326 ham [9.99972396e-01 2.76042228e-05]
327 ham [9.99991476e-01 8.52442230e-06]
328 ham [1.0000000e+00 1.4629524e-13]
329 ham [9.99999888e-01 1.11741962e-07]
330 ham [1.00000000e+00 9.98500767e-13]
331 ham [9.99986343e-01 1.36565693e-05]
332 ham [9.99970969e-01 2.90313141e-05]
333 spam [3.53117026e-10 1.00000000e+00]
334 ham [9.99970702e-01 2.92983380e-05]
335 spam [4.14796339e-14 1.00000000e+00]
336 ham [9.99989816e-01 1.01838110e-05]
337 ham [9.99861475e-01 1.38524885e-04]
338 ham [0.99362549 0.00637451]
339 ham [9.99999999e-01 1.42831219e-09]
340 ham [9.99141811e-01 8.58188665e-04]
341 ham [9.99997604e-01 2.39617918e-06]
342 ham [0.99854189 0.00145811]
343 ham [0.93621838 0.06378162]
344 ham [9.99994745e-01 5.25477147e-06]
345 ham [0.78204476 0.21795524]
346 ham [9.99978562e-01 2.14376758e-05]
347 ham [9.99983472e-01 1.65280963e-05]
348 ham [0.75155202 0.24844798]
349 spam [1.23656253e-06 9.99998763e-01]
350 ham [9.99998069e-01 1.93125391e-06]
351 ham [1.00000000e+00 4.85598934e-12]
352 ham [1.00000000e+00 3.05904637e-16]
353 ham [1.00000000e+00 4.62247527e-12]
354 ham [9.99998640e-01 1.35975356e-06]
355 ham [1.0000000e+00 4.8561096e-10]
356 ham [9.99999998e-01 2.44488540e-09]
357 spam [1.6342335e-36 1.0000000e+00]
358 spam [1.47634591e-25 1.00000000e+00]
359 ham [1.00000000e+00 3.30526699e-26]
360 ham [9.99877373e-01 1.22626553e-04]
361 spam [0.25781784 0.74218216]
362 ham [9.99923632e-01 7.63680649e-05]
363 ham [0.98245001 0.01754999]
364 ham [9.99999284e-01 7.15856345e-07]
365 ham [1.00000000e+00 7.66915903e-18]
366 ham [1.00000000e+00 4.59240293e-11]
367 spam [2.46089643e-15 1.00000000e+00]
368 spam [1.06635464e-12 1.00000000e+00]
369 ham [0.97749584 0.02250416]
370 ham [9.99999984e-01 1.59631390e-08]
371 ham [1.00000000e+00 6.71041552e-24]
372 ham [9.99999856e-01 1.43653324e-07]
373 ham [1.00000000e+00 1.93308762e-19]
374 ham [1.00000000e+00 3.38951589e-22]
375 spam [3.05275686e-04 9.99694724e-01]
376 ham [9.99423076e-01 5.76923723e-04]
377 ham [9.99999996e-01 3.70011192e-09]
378 ham [9.99984443e-01 1.55574969e-05]
379 ham [0.995297 0.004703]
380 ham [1.00000000e+00 4.19674774e-11]
381 ham [1.00000000e+00 3.21926174e-42]
382 ham [9.99988561e-01 1.14386597e-05]
383 ham [9.99995916e-01 4.08369424e-06]
384 ham [9.99999934e-01 6.62811820e-08]
385 spam [1.57476199e-11 1.00000000e+00]
386 spam [0.08396286 0.91603714]
387 ham [9.99995647e-01 4.35349702e-06]
388 ham [9.99989992e-01 1.00080736e-05]
389 spam [9.19345969e-24 1.00000000e+00]
390 ham [9.99999233e-01 7.67129559e-07]
391 ham [9.99994102e-01 5.89837079e-06]
392 ham [9.99993231e-01 6.76862461e-06]
393 ham [9.99994051e-01 5.94864789e-06]
394 ham [1.00000000e+00 6.65803818e-18]
395 ham [9.99959518e-01 4.04820686e-05]
396 ham [0.98063655 0.01936345]
397 ham [9.99999954e-01 4.55706738e-08]
398 ham [1.00000000e+00 1.03975483e-17]
399 ham [9.99999974e-01 2.61658577e-08]
400 ham [1.00000000e+00 4.77229513e-12]
401 spam [4.56754613e-15 1.00000000e+00]
402 ham [9.99949883e-01 5.01173483e-05]
403 ham [0.68640314 0.31359686]
404 ham [9.99999889e-01 1.10775038e-07]
405 ham [1.00000000e+00 6.14612779e-13]
406 ham [9.99990400e-01 9.60022726e-06]
407 ham [9.99999998e-01 1.91055290e-09]
408 ham [0.99732091 0.00267909]
409 ham [0.7416506 0.2583494]
410 spam [8.24822566e-09 9.99999992e-01]
411 ham [9.99996339e-01 3.66077691e-06]
412 ham [9.99983092e-01 1.69080604e-05]
413 ham [1.00000000e+00 6.30055474e-12]
414 ham [0.92563484 0.07436516]
415 spam [3.00947578e-04 9.99699052e-01]
416 ham [9.99725113e-01 2.74887242e-04]
417 ham [0.99887257 0.00112743]
418 spam [2.1233374e-18 1.0000000e+00]
419 ham [1.00000000e+00 5.42003729e-11]
420 spam [8.0067083e-20 1.0000000e+00]
421 ham [9.99997978e-01 2.02228244e-06]
422 spam [1.32872182e-12 1.00000000e+00]
423 spam [0.38494548 0.61505452]
424 spam [5.06542124e-20 1.00000000e+00]
425 ham [1.00000000e+00 4.51116691e-18]
426 ham [9.99999997e-01 2.78967408e-09]
427 ham [9.99999978e-01 2.16683691e-08]
428 ham [0.62254858 0.37745142]
429 ham [9.99999990e-01 9.91037929e-09]
430 ham [1.00000000e+00 2.09681111e-24]
431 ham [9.99922216e-01 7.77837369e-05]
432 spam [0.21897712 0.78102288]
433 spam [2.62547369e-21 1.00000000e+00]
434 ham [0.72997774 0.27002226]
435 ham [1.0000000e+00 4.8524762e-19]
436 ham [1.0000000e+00 9.2928934e-31]
437 ham [9.99999603e-01 3.97339165e-07]
438 ham [0.96088945 0.03911055]
439 spam [0.19481499 0.80518501]
440 ham [9.99999998e-01 1.73310043e-09]
441 ham [9.99999997e-01 2.89067418e-09]
442 ham [9.99001908e-01 9.98092439e-04]
443 ham [1.00000000e+00 6.44686428e-16]
444 ham [9.99999998e-01 2.01523424e-09]
445 spam [8.49089243e-04 9.99150911e-01]
446 ham [1.0000000e+00 9.5661845e-19]
447 ham [9.99970986e-01 2.90140537e-05]
448 ham [9.99999730e-01 2.69970443e-07]
449 ham [9.99759655e-01 2.40344732e-04]
450 ham [0.99831138 0.00168862]
451 spam [0.27554508 0.72445492]
452 ham [9.99999951e-01 4.93496203e-08]
453 ham [9.99999969e-01 3.13351466e-08]
454 ham [9.99999991e-01 9.42768817e-09]
455 spam [1.81798321e-06 9.99998182e-01]
456 ham [0.99765795 0.00234205]
457 ham [9.99920364e-01 7.96363010e-05]
458 ham [9.99999999e-01 1.40607922e-09]
459 ham [9.99970889e-01 2.91108639e-05]
460 ham [9.99998948e-01 1.05236829e-06]
461 ham [9.99996655e-01 3.34538376e-06]
462 ham [0.98168711 0.01831289]
463 spam [1.07171672e-17 1.00000000e+00]
464 ham [9.99999999e-01 8.62747159e-10]
465 ham [9.99993242e-01 6.75774804e-06]
466 ham [1.00000000e+00 1.36920468e-17]
467 ham [9.99999985e-01 1.46570090e-08]
468 ham [9.99867163e-01 1.32837105e-04]
469 ham [9.99999779e-01 2.20830380e-07]
470 ham [9.99084911e-01 9.15088786e-04]
471 spam [3.4093173e-18 1.0000000e+00]
472 ham [0.99548954 0.00451046]
473 ham [1.00000000e+00 7.08158419e-32]
474 spam [1.40446131e-25 1.00000000e+00]
475 ham [9.99999998e-01 2.31273014e-09]
476 ham [9.99999977e-01 2.33017965e-08]
477 ham [9.99999496e-01 5.04097947e-07]
478 ham [9.99346448e-01 6.53552318e-04]
479 ham [1.00000000e+00 7.73909818e-12]
480 ham [9.99999981e-01 1.88539392e-08]
481 ham [9.99976049e-01 2.39508033e-05]
482 ham [1.00000000e+00 9.15756835e-11]
483 ham [9.99915749e-01 8.42508038e-05]
484 ham [9.99996375e-01 3.62474757e-06]
485 spam [0.09015116 0.90984884]
486 ham [0.99881379 0.00118621]
487 spam [5.51887006e-13 1.00000000e+00]
488 ham [0.98900558 0.01099442]
489 ham [9.99980356e-01 1.96436558e-05]
490 ham [1.00000000e+00 1.39431756e-10]
491 ham [1.00000000e+00 3.95699502e-11]
492 spam [8.33795348e-32 1.00000000e+00]
493 ham [9.99999996e-01 3.90139339e-09]
494 ham [1.00000000e+00 5.55636615e-12]
495 ham [9.99999563e-01 4.37324420e-07]
496 ham [0.99003005 0.00996995]
497 ham [1.00000000e+00 1.56056097e-10]
498 ham [0.99846098 0.00153902]
499 ham [0.73757325 0.26242675]
500 ham [9.99738683e-01 2.61316573e-04]
501 spam [0.07807485 0.92192515]
502 ham [9.99458303e-01 5.41696693e-04]
503 ham [0.65230666 0.34769334]
504 ham [0.88869076 0.11130924]
505 spam [1.74165007e-21 1.00000000e+00]
506 ham [1.00000000e+00 5.66242363e-13]
507 ham [0.98719938 0.01280062]
508 ham [1.00000000e+00 3.00808362e-21]
509 ham [9.99128178e-01 8.71822346e-04]
510 spam [0.03375782 0.96624218]
511 ham [9.99999976e-01 2.38954750e-08]
512 ham [1.00000000e+00 9.57865235e-14]
513 ham [0.97495217 0.02504783]
514 ham [0.9968516 0.0031484]
515 spam [1.7916148e-28 1.0000000e+00]
516 ham [0.98272672 0.01727328]
517 spam [8.85528997e-17 1.00000000e+00]
518 spam [7.14976331e-10 9.99999999e-01]
519 ham [1.00000000e+00 1.10884182e-10]
520 ham [1.00000000e+00 9.09777863e-11]
521 ham [9.99879437e-01 1.20562893e-04]
522 ham [9.99990653e-01 9.34734953e-06]
523 ham [0.98997726 0.01002274]
524 ham [9.99968684e-01 3.13160538e-05]
525 spam [7.56464178e-27 1.00000000e+00]
526 ham [9.99973365e-01 2.66345484e-05]
527 spam [2.86171509e-14 1.00000000e+00]
528 ham [0.99820855 0.00179145]
529 spam [2.30226845e-06 9.99997698e-01]
530 ham [9.99764592e-01 2.35408311e-04]
531 spam [9.28254336e-26 1.00000000e+00]
532 ham [9.99914056e-01 8.59438127e-05]
533 ham [9.99976595e-01 2.34047755e-05]
534 ham [9.9999999e-01 9.7331907e-09]
535 ham [1.00000000e+00 8.85175856e-27]
536 ham [1.00000000e+00 1.12108311e-16]
537 ham [9.9999999e-01 1.0140899e-08]
538 ham [9.99999983e-01 1.65327015e-08]
539 ham [9.99975951e-01 2.40492736e-05]
540 ham [9.99996216e-01 3.78441555e-06]
541 spam [8.07137063e-24 1.00000000e+00]
542 ham [0.91845846 0.08154154]
543 ham [9.99999952e-01 4.77264295e-08]
544 spam [0.10572956 0.89427044]
545 ham [1.0000000e+00 2.0991201e-10]
546 ham [0.96454981 0.03545019]
547 ham [1.00000000e+00 6.83818257e-21]
548 ham [0.99816762 0.00183238]
549 ham [1.00000e+00 3.44092e-13]
550 ham [1.00000000e+00 5.61437028e-15]
551 ham [1.00000000e+00 1.34713975e-13]
552 ham [9.99965843e-01 3.41568223e-05]
553 ham [9.99663395e-01 3.36604804e-04]
554 ham [1.00000000e+00 3.59721272e-16]
555 ham [9.99997808e-01 2.19221678e-06]
556 spam [0.18522836 0.81477164]
557 ham [9.99998299e-01 1.70059495e-06]
558 ham [9.99999958e-01 4.22986558e-08]
559 ham [9.99999985e-01 1.46420287e-08]
560 ham [1.00000000e+00 1.03880874e-14]
561 ham [1.00000000e+00 1.00635256e-10]
562 ham [9.99999490e-01 5.09705287e-07]
563 ham [9.99999996e-01 4.13020637e-09]
564 spam [6.92455437e-29 1.00000000e+00]
565 ham [1.0000000e+00 8.1987159e-33]
566 ham [0.97946189 0.02053811]
567 ham [0.99863618 0.00136382]
568 ham [1.00000000e+00 3.87546646e-17]
569 ham [9.99942541e-01 5.74593524e-05]
570 ham [0.62210965 0.37789035]
571 ham [1.00000000e+00 7.33741013e-16]
572 ham [9.99987524e-01 1.24757085e-05]
573 ham [0.99734193 0.00265807]
574 ham [0.56630561 0.43369439]
575 ham [0.99819374 0.00180626]
576 spam [4.45220241e-19 1.00000000e+00]
577 ham [1.00000000e+00 7.56241803e-19]
578 ham [9.99999456e-01 5.44391278e-07]
579 spam [3.31836312e-09 9.99999997e-01]
580 ham [9.99999483e-01 5.16945081e-07]
581 ham [9.99934485e-01 6.55151146e-05]
582 ham [9.99999177e-01 8.22541830e-07]
583 spam [5.03186319e-16 1.00000000e+00]
584 ham [9.99999635e-01 3.65172448e-07]
585 ham [9.99999458e-01 5.41646935e-07]
586 ham [9.99979314e-01 2.06856727e-05]
587 ham [1.00000000e+00 9.84534231e-15]
588 ham [0.52359519 0.47640481]
589 ham [0.64733999 0.35266001]
590 ham [9.99999992e-01 8.32136012e-09]
591 spam [2.11130224e-25 1.00000000e+00]
592 spam [2.54325214e-22 1.00000000e+00]
593 spam [5.24492343e-23 1.00000000e+00]
594 ham [0.94525589 0.05474411]
595 ham [0.99599372 0.00400628]
596 ham [9.99999007e-01 9.92661011e-07]
597 ham [9.9995757e-01 4.2430174e-05]
598 spam [5.44979004e-08 9.99999946e-01]
599 ham [0.99885264 0.00114736]
600 ham [9.99999995e-01 5.45409316e-09]
601 spam [0.30022441 0.69977559]
602 ham [1.00000000e+00 5.10254824e-15]
603 ham [0.99572197 0.00427803]
604 ham [9.99997552e-01 2.44849427e-06]
605 ham [9.99783182e-01 2.16818241e-04]
606 ham [0.87651385 0.12348615]
607 spam [2.43000444e-13 1.00000000e+00]
608 ham [9.99999865e-01 1.35273907e-07]
609 ham [9.99997511e-01 2.48914382e-06]
610 ham [9.99999944e-01 5.61749011e-08]
611 spam [4.20744726e-07 9.99999579e-01]
612 ham [9.99999654e-01 3.46024660e-07]
613 ham [0.97883446 0.02116554]
614 spam [8.08029711e-05 9.99919197e-01]
615 ham [9.99993070e-01 6.93002181e-06]
616 ham [1.00000000e+00 1.94300205e-10]
617 ham [1.00000000e+00 5.89897666e-11]
618 ham [9.99197825e-01 8.02174513e-04]
619 ham [9.99995489e-01 4.51103505e-06]
620 ham [0.94065918 0.05934082]
621 ham [1.00000000e+00 1.92863995e-14]
622 ham [0.98111148 0.01888852]
623 spam [0.40071651 0.59928349]
624 ham [1.00000000e+00 8.50795431e-11]
625 ham [9.99999991e-01 9.04432530e-09]
626 ham [9.99985395e-01 1.46052434e-05]
627 ham [9.99256862e-01 7.43138285e-04]
628 ham [9.99999997e-01 2.71277002e-09]
629 spam [3.6527834e-11 1.0000000e+00]
630 spam [7.15083446e-14 1.00000000e+00]
631 ham [9.99998351e-01 1.64912050e-06]
632 ham [0.62433212 0.37566788]
633 ham [9.99997041e-01 2.95946029e-06]
634 ham [0.98856465 0.01143535]
635 spam [9.19055082e-25 1.00000000e+00]
636 ham [9.99839425e-01 1.60574997e-04]
637 ham [9.99999968e-01 3.15212996e-08]
638 ham [9.99992217e-01 7.78304663e-06]
639 ham [9.99742019e-01 2.57981229e-04]
640 ham [0.9925424 0.0074576]
641 ham [1.00000000e+00 2.60456675e-16]
642 ham [1.00000000e+00 5.37375364e-14]
643 ham [0.99814765 0.00185235]
644 ham [9.99922157e-01 7.78427770e-05]
645 ham [0.99360093 0.00639907]
646 ham [9.99999999e-01 6.51824832e-10]
647 ham [1.00000000e+00 2.67330427e-10]
648 spam [1.01727933e-22 1.00000000e+00]
649 ham [9.99288967e-01 7.11032549e-04]
650 spam [1.42920278e-30 1.00000000e+00]
651 ham [0.89647848 0.10352152]
652 ham [1.00000000e+00 4.85312804e-13]
653 ham [9.99999216e-01 7.84048716e-07]
654 ham [9.99998243e-01 1.75687702e-06]
655 ham [9.99985780e-01 1.42199528e-05]
656 ham [0.99060922 0.00939078]
657 ham [1.00000000e+00 1.43291613e-10]
658 ham [9.99999884e-01 1.16452150e-07]
659 ham [9.99970095e-01 2.99045639e-05]
660 spam [0.00716414 0.99283586]
661 ham [9.99999366e-01 6.34463913e-07]
662 ham [0.99890975 0.00109025]
663 ham [9.99999995e-01 5.22185768e-09]
664 ham [0.52456871 0.47543129]
665 ham [0.98849525 0.01150475]
666 spam [0.46680048 0.53319952]
667 ham [1.00000000e+00 6.05760563e-13]
668 ham [1.00000000e+00 3.15703919e-11]
669 ham [0.99897136 0.00102864]
670 ham [0.97322799 0.02677201]
671 spam [0.08252454 0.91747546]
672 spam [1.19451251e-05 9.99988055e-01]
673 spam [2.1471463e-15 1.0000000e+00]
674 ham [1.00000000e+00 1.95580515e-28]
675 ham [1.00000000e+00 1.79402024e-20]
676 ham [9.99999332e-01 6.67959589e-07]
677 spam [0.43216381 0.56783619]
678 ham [1.00000000e+00 1.44380291e-15]
679 ham [9.99988371e-01 1.16287959e-05]
680 ham [1.00000000e+00 2.48227873e-16]
681 ham [9.99794166e-01 2.05833544e-04]
682 ham [9.99891296e-01 1.08703736e-04]
683 ham [0.98869336 0.01130664]
684 ham [9.99999966e-01 3.36496681e-08]
685 ham [9.99999985e-01 1.53976979e-08]
686 ham [9.99918298e-01 8.17024264e-05]
687 spam [0.07109763 0.92890237]
688 ham [1.00000000e+00 2.68779497e-10]
689 ham [9.99907255e-01 9.27452419e-05]
690 spam [0.17673353 0.82326647]
691 ham [0.94109894 0.05890106]
692 ham [0.8088932 0.1911068]
693 ham [9.99999859e-01 1.41331163e-07]
694 ham [0.99880916 0.00119084]
695 ham [9.99995043e-01 4.95716645e-06]
696 ham [9.99759773e-01 2.40227057e-04]
697 ham [9.99976483e-01 2.35168050e-05]
698 ham [9.99999860e-01 1.39713781e-07]
699 ham [9.99994596e-01 5.40405581e-06]
700 ham [0.99883552 0.00116448]
701 ham [9.99423038e-01 5.76961933e-04]
702 ham [9.99999999e-01 6.25326554e-10]
703 ham [0.94597668 0.05402332]
704 ham [9.99999912e-01 8.81959882e-08]
705 ham [1.00000000e+00 4.40502834e-18]
706 ham [1.0000000e+00 2.1283376e-11]
707 ham [9.99036691e-01 9.63308987e-04]
708 ham [9.99998747e-01 1.25285284e-06]
709 spam [1.14138423e-13 1.00000000e+00]
710 spam [1.58718878e-28 1.00000000e+00]
711 ham [9.99995909e-01 4.09134573e-06]
712 ham [1.00000000e+00 1.44107343e-15]
713 spam [2.88133444e-08 9.99999971e-01]
714 ham [9.99999989e-01 1.08275694e-08]
715 ham [9.99996817e-01 3.18299006e-06]
716 ham [9.99999997e-01 2.57210797e-09]
717 spam [4.06431192e-24 1.00000000e+00]
718 ham [1.00000000e+00 8.42350507e-19]
719 spam [3.14327903e-30 1.00000000e+00]
720 ham [1.00000000e+00 3.75176927e-13]
721 ham [9.99930903e-01 6.90970945e-05]
722 ham [9.99967506e-01 3.24944146e-05]
723 ham [0.76511561 0.23488439]
724 ham [0.76973588 0.23026412]
725 ham [1.00000000e+00 9.75087635e-29]
726 ham [9.99589537e-01 4.10463078e-04]
727 ham [1.00000000e+00 1.49835592e-29]
728 ham [0.97029465 0.02970535]
729 ham [0.9397347 0.0602653]
730 ham [9.99980891e-01 1.91090042e-05]
731 spam [1.60751334e-07 9.99999839e-01]
732 ham [9.99981559e-01 1.84409782e-05]
733 ham [9.99999912e-01 8.81853864e-08]
734 ham [9.99999474e-01 5.26248631e-07]
735 ham [9.99671726e-01 3.28274189e-04]
736 ham [9.99875440e-01 1.24559996e-04]
737 ham [9.99996670e-01 3.33034572e-06]
738 spam [6.38073258e-25 1.00000000e+00]
739 ham [9.99648965e-01 3.51034730e-04]
740 ham [9.99999998e-01 2.26078710e-09]
741 ham [9.99999998e-01 1.82810208e-09]
742 ham [9.99997923e-01 2.07735378e-06]
743 ham [1.00000000e+00 3.03070343e-23]
744 ham [0.99577623 0.00422377]
745 ham [0.6333109 0.3666891]
746 ham [9.99547592e-01 4.52407655e-04]
747 ham [1.00000000e+00 1.22669741e-12]
748 spam [0.00322236 0.99677764]
749 ham [1.00000000e+00 9.00704734e-12]
