0 ham [1.0000000e+00 4.0043732e-10]
1 ham [9.99985865e-01 1.41349618e-05]
2 spam [7.20586975e-10 9.99999999e-01]
3 ham [9.99999998e-01 2.11103086e-09]
4 ham [9.99999759e-01 2.41078504e-07]
5 ham [9.99999998e-01 1.69721483e-09]
6 ham [9.99999495e-01 5.04981409e-07]
7 ham [0.99561234 0.00438766]
8 spam [6.69248292e-09 9.99999993e-01]
9 spam [4.64450684e-06 9.99995355e-01]
10 ham [1.0000000e+00 1.8422413e-13]
11 spam [9.18414555e-15 1.00000000e+00]
12 spam [1.06850711e-09 9.99999999e-01]
13 ham [1.00000000e+00 1.81797259e-10]
14 ham [0.84303474 0.15696526]
15 spam [0.00478527 0.99521473]
16 ham [9.99999991e-01 9.22355770e-09]
17 ham [9.9999998e-01 1.9533792e-08]
18 ham [9.99999682e-01 3.18098018e-07]
19 spam [3.51588314e-12 1.00000000e+00]
20 ham [9.99785572e-01 2.14427591e-04]
21 ham [0.72149574 0.27850426]
22 ham [9.99999782e-01 2.17885334e-07]
23 ham [1.00000000e+00 1.91821844e-11]
24 ham [9.99935072e-01 6.49279148e-05]
25 ham [9.99999085e-01 9.14676798e-07]
26 ham [0.99609504 0.00390496]
27 ham [1.0000000e+00 1.2131247e-10]
28 ham [1.00000000e+00 2.52182664e-14]
29 ham [9.99992316e-01 7.68433871e-06]
30 ham [1.00000000e+00 3.25823058e-15]
31 ham [1.00000000e+00 3.59831267e-14]
32 ham [9.99892279e-01 1.07720901e-04]
33 ham [9.99882397e-01 1.17602830e-04]
34 spam [0.12200499 0.87799501]
35 ham [1.00000000e+00 1.29898401e-13]
36 ham [9.99999996e-01 3.62197543e-09]
37 ham [0.99894388 0.00105612]
38 ham [9.99971331e-01 2.86693155e-05]
39 ham [1.00000000e+00 6.76049727e-12]
40 ham [9.99907615e-01 9.23847514e-05]
41 ham [1.00000000e+00 4.31394144e-17]
42 spam [2.92294033e-07 9.99999708e-01]
43 ham [0.93750508 0.06249492]
44 ham [1.00000000e+00 3.97782303e-10]
45 ham [9.99696821e-01 3.03179050e-04]
46 ham [9.99466086e-01 5.33913510e-04]
47 ham [0.99702638 0.00297362]
48 ham [9.99999984e-01 1.59303883e-08]
49 ham [9.99999998e-01 1.62704036e-09]
50 ham [9.99999947e-01 5.28349559e-08]
51 ham [1.00000000e+00 3.77874328e-12]
52 ham [9.99949972e-01 5.00276046e-05]
53 ham [1.00000000e+00 5.76293631e-28]
54 ham [0.6360087 0.3639913]
55 ham [9.99999861e-01 1.39146599e-07]
56 spam [1.26014777e-10 1.00000000e+00]
57 ham [9.99970861e-01 2.91385948e-05]
58 ham [0.99438136 0.00561864]
59 ham [0.99011394 0.00988606]
60 ham [9.99999935e-01 6.53742593e-08]
61 ham [0.98388833 0.01611167]
62 ham [0.94123166 0.05876834]
63 ham [9.99999604e-01 3.95557643e-07]
64 ham [1.00000000e+00 1.25832254e-10]
65 spam [0.19785758 0.80214242]
66 ham [9.99999993e-01 6.87856764e-09]
67 spam [5.96429975e-13 1.00000000e+00]
68 ham [9.99995455e-01 4.54479570e-06]
69 ham [0.99254111 0.00745889]
70 ham [9.99999981e-01 1.90650826e-08]
71 ham [0.99852846 0.00147154]
72 ham [0.93750508 0.06249492]
73 ham [9.99999983e-01 1.67431374e-08]
74 ham [9.99937021e-01 6.29789591e-05]
75 ham [0.99256842 0.00743158]
76 ham [9.99985208e-01 1.47922897e-05]
77 ham [9.99999913e-01 8.65349171e-08]
78 ham [9.99999514e-01 4.86491529e-07]
79 ham [9.99999954e-01 4.63398393e-08]
80 ham [9.99409297e-01 5.90703248e-04]
81 ham [9.99837357e-01 1.62643499e-04]
82 ham [9.99982717e-01 1.72833857e-05]
83 ham [9.99995799e-01 4.20055344e-06]
84 ham [0.53879458 0.46120542]
85 ham [9.99994453e-01 5.54652780e-06]
86 ham [9.99999999e-01 9.93031601e-10]
87 ham [9.99999996e-01 4.33698906e-09]
88 ham [9.99992402e-01 7.59764266e-06]
89 ham [0.96433188 0.03566812]
90 ham [0.9983925 0.0016075]
91 ham [1.0000000e+00 2.3133066e-18]
92 ham [9.99973988e-01 2.60119141e-05]
93 spam [5.31892859e-13 1.00000000e+00]
94 ham [9.99999694e-01 3.06064154e-07]
95 spam [0.03487341 0.96512659]
96 ham [9.99733852e-01 2.66147615e-04]
97 ham [9.99996803e-01 3.19739809e-06]
98 ham [9.99999999e-01 7.01076172e-10]
99 ham [0.96357846 0.03642154]
100 ham [9.99983947e-01 1.60533946e-05]
101 ham [9.99304102e-01 6.95897957e-04]
102 ham [9.99993465e-01 6.53511024e-06]
103 ham [0.9698376 0.0301624]
104 ham [1.00000000e+00 2.06403006e-10]
105 ham [9.99980858e-01 1.91421766e-05]
106 ham [0.99889967 0.00110033]
107 ham [9.99974383e-01 2.56173856e-05]
108 ham [9.99983837e-01 1.61634726e-05]
109 ham [9.99999988e-01 1.17744980e-08]
110 ham [9.99708353e-01 2.91646709e-04]
111 ham [0.98328768 0.01671232]
112 ham [0.99305701 0.00694299]
113 ham [1.00000000e+00 3.70626617e-12]
114 spam [5.50881712e-10 9.99999999e-01]
115 ham [1.0000000e+00 5.8784123e-14]
116 ham [1.0000000e+00 4.8857994e-12]
117 spam [3.42355517e-16 1.00000000e+00]
118 spam [0.00122125 0.99877875]
119 ham [9.99999998e-01 1.76415047e-09]
120 spam [3.04754620e-06 9.99996952e-01]
121 spam [7.43761332e-10 9.99999999e-01]
122 ham [9.99348295e-01 6.51704763e-04]
123 spam [1.92613344e-08 9.99999981e-01]
124 ham [0.99655986 0.00344014]
125 ham [9.99959105e-01 4.08948148e-05]
126 ham [0.9984928 0.0015072]
127 ham [1.00000000e+00 1.15209698e-20]
128 ham [9.99689654e-01 3.10346109e-04]
129 ham [0.74528836 0.25471164]
130 ham [9.99999940e-01 6.02224109e-08]
131 ham [9.99231818e-01 7.68182086e-04]
132 ham [0.97295665 0.02704335]
133 ham [0.96927873 0.03072127]
134 ham [0.98373163 0.01626837]
135 spam [5.94617898e-09 9.99999994e-01]
136 spam [0.08454445 0.91545555]
137 ham [9.99169232e-01 8.30767876e-04]
138 ham [0.96424756 0.03575244]
139 ham [9.99627238e-01 3.72762494e-04]
140 ham [1.00000000e+00 1.64033292e-13]
141 ham [9.99994888e-01 5.11215312e-06]
142 ham [0.95456598 0.04543402]
143 ham [9.99999528e-01 4.71970226e-07]
144 ham [9.99991264e-01 8.73622976e-06]
145 ham [0.9929851 0.0070149]
146 ham [0.9844376 0.0155624]
147 ham [9.99858396e-01 1.41603523e-04]
148 ham [9.99927547e-01 7.24526783e-05]
149 ham [9.99998464e-01 1.53607828e-06]
150 ham [9.99957170e-01 4.28300369e-05]
151 ham [9.99999857e-01 1.43318814e-07]
152 ham [9.99945921e-01 5.40792223e-05]
153 ham [9.99719249e-01 2.80750628e-04]
154 ham [0.9698376 0.0301624]
155 ham [1.00000000e+00 3.76832101e-34]
156 ham [0.99874869 0.00125131]
157 ham [9.99989471e-01 1.05293064e-05]
158 ham [1.00000000e+00 6.78541399e-19]
159 spam [0.01024696 0.98975304]
160 spam [2.97027101e-11 1.00000000e+00]
161 ham [1.00000000e+00 1.87468808e-10]
162 ham [9.99999647e-01 3.53078966e-07]
163 ham [1.0000000e+00 1.3415632e-12]
164 spam [3.71008690e-09 9.99999996e-01]
165 spam [0.01315966 0.98684034]
166 ham [0.94105967 0.05894033]
167 spam [1.03201355e-06 9.99998968e-01]
168 ham [9.99146424e-01 8.53575690e-04]
169 ham [0.99860092 0.00139908]
170 ham [9.99860350e-01 1.39649817e-04]
171 ham [9.99797608e-01 2.02392279e-04]
172 ham [1.00000000e+00 1.35441785e-12]
173 ham [9.99986449e-01 1.35509845e-05]
174 ham [9.99999990e-01 1.04237147e-08]
175 ham [1.0000000e+00 6.7598856e-12]
176 ham [1.00000000e+00 3.27754072e-11]
177 ham [0.99808962 0.00191038]
178 ham [1.0000000e+00 8.0534023e-18]
179 ham [9.99999999e-01 9.63488377e-10]
180 ham [9.99998884e-01 1.11626224e-06]
181 ham [1.00000000e+00 3.85374992e-10]
182 ham [9.99429624e-01 5.70376427e-04]
183 ham [9.9989038e-01 1.0962023e-04]
184 ham [0.99665166 0.00334834]
185 ham [0.98607949 0.01392051]
186 ham [1.00000000e+00 1.63627092e-10]
187 ham [0.99306084 0.00693916]
188 spam [4.27104652e-12 1.00000000e+00]
189 ham [9.99999921e-01 7.87694548e-08]
190 ham [1.00000000e+00 3.86105712e-10]
191 spam [0.05965543 0.94034457]
192 ham [1.00000000e+00 1.35438371e-14]
193 ham [9.99931504e-01 6.84956063e-05]
194 ham [0.99093517 0.00906483]
195 ham [9.99999823e-01 1.76828048e-07]
196 ham [0.99797557 0.00202443]
197 ham [9.99923710e-01 7.62896488e-05]
198 ham [0.99871305 0.00128695]
199 ham [1.00000000e+00 4.48863502e-14]
200 ham [9.99999996e-01 4.36354247e-09]
201 ham [9.99996473e-01 3.52719702e-06]
202 ham [9.99999903e-01 9.68176615e-08]
203 ham [1.00000000e+00 1.84498972e-13]
204 ham [0.86393553 0.13606447]
205 ham [0.94310116 0.05689884]
206 ham [9.99999777e-01 2.22666292e-07]
207 ham [1.00000000e+00 1.58266384e-12]
208 ham [0.72389399 0.27610601]
209 ham [9.99989841e-01 1.01591570e-05]
210 ham [9.99991329e-01 8.67072538e-06]
211 ham [9.99977906e-01 2.20942039e-05]
212 ham [9.99128076e-01 8.71923749e-04]
213 ham [9.99999565e-01 4.34583636e-07]
214 ham [9.99880082e-01 1.19918076e-04]
215 ham [9.99240819e-01 7.59181096e-04]
216 spam [0.21290912 0.78709088]
217 ham [9.99848820e-01 1.51180046e-04]
218 ham [9.99968007e-01 3.19929802e-05]
219 ham [0.72229526 0.27770474]
220 ham [1.00000000e+00 1.71557895e-19]
221 ham [0.99711028 0.00288972]
222 ham [9.99999998e-01 1.53779942e-09]
223 ham [9.99761472e-01 2.38528000e-04]
224 ham [9.99999989e-01 1.05324914e-08]
225 spam [3.2572975e-15 1.0000000e+00]
226 ham [9.99993910e-01 6.08976854e-06]
227 ham [0.53439557 0.46560443]
228 ham [0.66134817 0.33865183]
229 ham [9.99999977e-01 2.28466274e-08]
230 ham [9.99911294e-01 8.87058922e-05]
231 ham [9.99999975e-01 2.47642335e-08]
232 ham [0.99540143 0.00459857]
233 ham [0.99814711 0.00185289]
234 ham [9.99999576e-01 4.23939200e-07]
235 spam [3.10645393e-05 9.99968935e-01]
236 ham [9.99999282e-01 7.17863347e-07]
237 ham [9.99387372e-01 6.12627931e-04]
238 ham [9.99964805e-01 3.51954346e-05]
239 ham [9.99999988e-01 1.23048615e-08]
240 ham [0.53372 0.46628]
241 ham [9.99958274e-01 4.17260828e-05]
242 ham [0.8562963 0.1437037]
243 ham [9.99971385e-01 2.86152948e-05]
244 ham [1.00000000e+00 2.15493696e-22]
245 ham [9.99900052e-01 9.99480753e-05]
246 ham [9.99999991e-01 9.26573476e-09]
247 ham [0.99107465 0.00892535]
248 spam [0.44903575 0.55096425]
249 ham [1.00000000e+00 5.39470347e-11]
250 spam [3.43454321e-20 1.00000000e+00]
251 spam [0.13852342 0.86147658]
252 ham [9.99999997e-01 3.15950396e-09]
253 ham [9.99978241e-01 2.17591190e-05]
254 ham [9.99964441e-01 3.55594378e-05]
255 ham [9.99999340e-01 6.60022361e-07]
256 ham [9.99999713e-01 2.86867815e-07]
257 ham [9.99718431e-01 2.81568747e-04]
258 ham [9.99984724e-01 1.52764979e-05]
259 spam [0.01824184 0.98175816]
260 ham [9.99999037e-01 9.62884526e-07]
261 ham [0.8562963 0.1437037]
262 ham [9.99999998e-01 1.61157889e-09]
263 ham [0.66922128 0.33077872]
264 spam [3.82355160e-04 9.99617645e-01]
265 ham [0.99769651 0.00230349]
266 ham [0.87377673 0.12622327]
267 ham [9.99643889e-01 3.56110692e-04]
268 spam [7.73576994e-16 1.00000000e+00]
269 ham [0.96681661 0.03318339]
270 spam [5.41079963e-04 9.99458920e-01]
271 ham [0.96808304 0.03191696]
272 ham [9.99999765e-01 2.34589738e-07]
273 spam [4.91224093e-09 9.99999995e-01]
274 ham [9.99665266e-01 3.34734016e-04]
275 ham [0.96011272 0.03988728]
276 ham [0.99716142 0.00283858]
277 ham [0.89089361 0.10910639]
278 ham [9.99988228e-01 1.17719674e-05]
279 ham [9.99999322e-01 6.77609574e-07]
280 ham [9.99941665e-01 5.83348406e-05]
281 ham [0.99659191 0.00340809]
282 ham [1.00000000e+00 3.35663521e-10]
283 ham [0.99364347 0.00635653]
284 ham [0.99716142 0.00283858]
285 ham [1.00000000e+00 1.61056616e-11]
286 ham [9.99999404e-01 5.96154695e-07]
287 ham [0.99477516 0.00522484]
288 ham [1.00000000e+00 3.23824635e-12]
289 ham [1.00000000e+00 1.13614879e-12]
290 ham [9.99996869e-01 3.13143547e-06]
291 ham [0.9968718 0.0031282]
292 ham [9.99993201e-01 6.79932454e-06]
293 ham [9.99302197e-01 6.97803109e-04]
294 ham [0.98950774 0.01049226]
295 ham [0.63211556 0.36788444]
296 spam [4.31812001e-05 9.99956819e-01]
297 ham [9.99861403e-01 1.38597253e-04]
298 ham [1.00000000e+00 1.64070196e-20]
299 ham [0.97970538 0.02029462]
300 ham [9.99999999e-01 1.49755413e-09]
301 ham [9.99978920e-01 2.10802101e-05]
302 ham [1.0000000e+00 3.8897403e-10]
303 ham [9.99988404e-01 1.15960392e-05]
304 ham [0.7519632 0.2480368]
305 spam [2.23013945e-10 1.00000000e+00]
306 ham [1.00000000e+00 6.91908974e-11]
307 ham [9.99745252e-01 2.54748002e-04]
308 ham [9.99771184e-01 2.28815965e-04]
309 spam [0.00305225 0.99694775]
310 ham [0.99635878 0.00364122]
311 ham [0.99872162 0.00127838]
312 spam [1.69572854e-08 9.99999983e-01]
313 ham [1.00000000e+00 2.74777839e-16]
314 ham [9.99999995e-01 4.73333939e-09]
315 ham [9.99998520e-01 1.47966233e-06]
316 ham [0.9989338 0.0010662]
317 ham [1.00000000e+00 4.67130729e-11]
318 ham [9.99967240e-01 3.27597684e-05]
319 spam [8.56833702e-09 9.99999991e-01]
320 ham [9.99965143e-01 3.48566871e-05]
321 ham [9.99991221e-01 8.77906002e-06]
322 ham [9.99999976e-01 2.38335535e-08]
323 ham [0.95985436 0.04014564]
324 ham [9.99999989e-01 1.13690785e-08]
325 ham [0.99838225 0.00161775]
326 ham [9.99668166e-01 3.31834429e-04]
327 ham [9.99972480e-01 2.75195981e-05]
328 ham [9.99999998e-01 1.68096702e-09]
329 ham [9.99926846e-01 7.31539703e-05]
330 ham [9.99999935e-01 6.52096188e-08]
331 ham [9.99937719e-01 6.22810125e-05]
332 ham [9.99993191e-01 6.80934073e-06]
333 spam [1.09653566e-05 9.99989035e-01]
334 ham [9.99999868e-01 1.31771192e-07]
335 spam [1.88054416e-07 9.99999812e-01]
336 ham [9.99610597e-01 3.89403129e-04]
337 ham [9.99727746e-01 2.72253603e-04]
338 ham [0.99789988 0.00210012]
339 ham [9.99442799e-01 5.57201359e-04]
340 ham [9.99945905e-01 5.40946767e-05]
341 ham [9.99861171e-01 1.38828569e-04]
342 ham [9.99951034e-01 4.89655204e-05]
343 ham [0.95170978 0.04829022]
344 ham [9.99820704e-01 1.79295997e-04]
345 ham [0.84632297 0.15367703]
346 ham [9.99484687e-01 5.15313142e-04]
347 ham [9.99965258e-01 3.47423419e-05]
348 ham [0.83927837 0.16072163]
349 spam [0.01828114 0.98171886]
350 ham [9.99941304e-01 5.86960740e-05]
351 ham [9.99999771e-01 2.28728776e-07]
352 ham [9.99999999e-01 5.86171201e-10]
353 ham [9.99999992e-01 8.07151083e-09]
354 ham [9.99999832e-01 1.67558391e-07]
355 ham [9.99993686e-01 6.31364361e-06]
356 ham [9.99999980e-01 2.02111028e-08]
357 spam [7.80453525e-20 1.00000000e+00]
358 spam [3.17714448e-17 1.00000000e+00]
359 ham [1.00000000e+00 8.31421263e-18]
360 ham [9.99157620e-01 8.42380181e-04]
361 ham [0.51064963 0.48935037]
362 ham [9.99849699e-01 1.50301387e-04]
363 ham [0.97483188 0.02516812]
364 ham [9.99980456e-01 1.95444954e-05]
365 ham [1.00000000e+00 6.46616036e-13]
366 ham [9.99999938e-01 6.18141644e-08]
367 spam [1.36358371e-06 9.99998636e-01]
368 spam [4.91197206e-06 9.99995088e-01]
369 ham [0.99666596 0.00333404]
370 ham [9.99979098e-01 2.09022266e-05]
371 ham [1.0000000e+00 3.6199265e-15]
372 ham [9.99976194e-01 2.38062095e-05]
373 ham [1.00000000e+00 6.04558598e-11]
374 ham [1.00000000e+00 3.50038528e-17]
375 spam [0.01516652 0.98483348]
376 ham [0.99810992 0.00189008]
377 ham [9.99999962e-01 3.76126899e-08]
378 ham [9.99999594e-01 4.06183278e-07]
379 ham [0.9982011 0.0017989]
380 ham [1.00000000e+00 2.58532609e-10]
381 ham [1.00000000e+00 1.28226679e-29]
382 ham [9.99983362e-01 1.66381684e-05]
383 ham [9.99718219e-01 2.81780982e-04]
384 ham [9.99996211e-01 3.78908483e-06]
385 spam [3.03929768e-05 9.99969607e-01]
386 spam [0.31955671 0.68044329]
387 ham [9.99910348e-01 8.96522682e-05]
388 ham [9.99954198e-01 4.58017960e-05]
389 spam [2.19555754e-10 1.00000000e+00]
390 ham [9.99999323e-01 6.77391422e-07]
391 ham [9.99986026e-01 1.39740651e-05]
392 ham [9.99993082e-01 6.91757158e-06]
393 ham [9.99736913e-01 2.63087073e-04]
394 ham [1.0000000e+00 1.8305796e-13]
395 ham [9.99977537e-01 2.24626885e-05]
396 ham [0.99808987 0.00191013]
397 ham [9.99999718e-01 2.81997018e-07]
398 ham [1.00000000e+00 4.17589375e-15]
399 ham [9.99999981e-01 1.89695632e-08]
400 ham [1.00000000e+00 5.52574712e-11]
401 spam [3.82935161e-10 1.00000000e+00]
402 ham [9.99067520e-01 9.32480065e-04]
403 ham [0.93800054 0.06199946]
404 ham [9.99987763e-01 1.22371576e-05]
405 ham [9.9999975e-01 2.5043359e-07]
406 ham [9.99590589e-01 4.09411271e-04]
407 ham [9.99999998e-01 1.79607787e-09]
408 ham [0.99444152 0.00555848]
409 ham [0.83298439 0.16701561]
410 spam [1.58122302e-04 9.99841878e-01]
411 ham [9.99994443e-01 5.55699287e-06]
412 ham [9.99911944e-01 8.80557590e-05]
413 ham [1.00000000e+00 6.85406576e-11]
414 ham [0.97622793 0.02377207]
415 spam [0.00485322 0.99514678]
416 ham [9.99279775e-01 7.20224906e-04]
417 ham [0.99289426 0.00710574]
418 spam [1.26702288e-08 9.99999987e-01]
419 ham [9.99999034e-01 9.65500582e-07]
420 spam [2.84520213e-10 1.00000000e+00]
421 ham [9.99798618e-01 2.01381650e-04]
422 spam [1.40888340e-05 9.99985911e-01]
423 ham [0.83277784 0.16722216]
424 spam [1.94006044e-07 9.99999806e-01]
425 ham [1.00000000e+00 1.55256158e-10]
426 ham [9.99893086e-01 1.06914082e-04]
427 ham [9.99998148e-01 1.85183846e-06]
428 ham [0.91935739 0.08064261]
429 ham [9.99999999e-01 9.55162189e-10]
430 ham [1.00000000e+00 4.55187747e-16]
431 ham [0.99727012 0.00272988]
432 ham [0.95259056 0.04740944]
433 spam [2.75840512e-13 1.00000000e+00]
434 ham [0.89082873 0.10917127]
435 ham [1.00000000e+00 3.97105477e-10]
436 ham [1.00000000e+00 2.22536834e-16]
437 ham [9.99973737e-01 2.62631587e-05]
438 ham [0.97994908 0.02005092]
439 ham [0.81437571 0.18562429]
440 ham [9.99935309e-01 6.46910496e-05]
441 ham [9.99999996e-01 4.25022863e-09]
442 ham [0.99537018 0.00462982]
443 ham [1.00000000e+00 2.97863793e-13]
444 ham [9.99326388e-01 6.73611504e-04]
445 ham [0.97293579 0.02706421]
446 ham [1.00000000e+00 4.07979754e-11]
447 ham [9.99944311e-01 5.56889498e-05]
448 ham [9.99998332e-01 1.66836982e-06]
449 ham [9.99720274e-01 2.79725709e-04]
450 ham [0.9978396 0.0021604]
451 spam [0.34202462 0.65797538]
452 ham [9.99995602e-01 4.39805097e-06]
453 ham [9.99998544e-01 1.45570727e-06]
454 ham [9.99999964e-01 3.62890484e-08]
455 spam [0.06409972 0.93590028]
456 ham [0.99017615 0.00982385]
457 ham [0.94810188 0.05189812]
458 ham [9.99999961e-01 3.89097679e-08]
459 ham [9.99996877e-01 3.12302795e-06]
460 ham [9.99999577e-01 4.23036193e-07]
461 ham [9.99994987e-01 5.01250884e-06]
462 ham [0.99231346 0.00768654]
463 spam [6.21834566e-05 9.99937817e-01]
464 ham [9.99864492e-01 1.35508001e-04]
465 ham [0.99898314 0.00101686]
466 ham [1.00000000e+00 1.56500657e-11]
467 ham [9.99999749e-01 2.51463035e-07]
468 ham [0.99669199 0.00330801]
469 ham [9.99714897e-01 2.85103069e-04]
470 ham [0.99868569 0.00131431]
471 spam [3.12380737e-10 1.00000000e+00]
472 ham [0.99894606 0.00105394]
473 ham [1.00000000e+00 9.68991703e-22]
474 spam [7.54483086e-09 9.99999992e-01]
475 ham [9.99999999e-01 5.55032992e-10]
476 ham [9.99993289e-01 6.71076014e-06]
477 ham [9.99999311e-01 6.88707727e-07]
478 ham [9.99193846e-01 8.06154462e-04]
479 ham [9.99999884e-01 1.15903807e-07]
480 ham [9.99999666e-01 3.34206949e-07]
481 ham [9.99293687e-01 7.06313467e-04]
482 ham [9.99999995e-01 4.75102398e-09]
483 ham [9.99425897e-01 5.74103035e-04]
484 ham [9.99926032e-01 7.39679980e-05]
485 spam [0.32518668 0.67481332]
486 ham [0.99854543 0.00145457]
487 spam [1.06011900e-05 9.99989399e-01]
488 ham [0.95940519 0.04059481]
489 ham [9.99975067e-01 2.49328090e-05]
490 ham [9.99999856e-01 1.43808137e-07]
491 ham [9.99999998e-01 1.67799913e-09]
492 spam [6.70179188e-10 9.99999999e-01]
493 ham [9.99940213e-01 5.97874692e-05]
494 ham [9.99999135e-01 8.64760724e-07]
495 ham [9.99852040e-01 1.47959987e-04]
496 ham [0.99750745 0.00249255]
497 ham [1.00000000e+00 1.41772489e-10]
498 ham [9.99292728e-01 7.07271752e-04]
499 ham [0.94782221 0.05217779]
500 ham [0.99832662 0.00167338]
501 ham [0.98369392 0.01630608]
502 ham [9.99305358e-01 6.94642260e-04]
503 ham [0.81491699 0.18508301]
504 ham [0.97912832 0.02087168]
505 spam [7.14686664e-11 1.00000000e+00]
506 ham [1.00000000e+00 4.76981405e-12]
507 ham [0.98733957 0.01266043]
508 ham [1.00000000e+00 2.52177036e-14]
509 ham [0.99474528 0.00525472]
510 spam [0.48507433 0.51492567]
511 ham [9.99999885e-01 1.15451394e-07]
512 ham [1.00000000e+00 3.95620922e-10]
513 ham [0.99182975 0.00817025]
514 ham [9.99426904e-01 5.73095721e-04]
515 spam [8.75742684e-17 1.00000000e+00]
516 ham [0.99681891 0.00318109]
517 spam [1.03542895e-10 1.00000000e+00]
518 spam [1.02388357e-04 9.99897612e-01]
519 ham [9.99999996e-01 4.13753383e-09]
520 ham [9.99999886e-01 1.14211493e-07]
521 ham [9.99470161e-01 5.29838900e-04]
522 ham [9.99594208e-01 4.05791682e-04]
523 ham [0.99513829 0.00486171]
524 ham [9.99190140e-01 8.09859639e-04]
525 spam [7.07620331e-13 1.00000000e+00]
526 ham [9.99917325e-01 8.26747809e-05]
527 spam [3.77584632e-08 9.99999962e-01]
528 ham [0.98014275 0.01985725]
529 spam [0.02581732 0.97418268]
530 ham [0.99720582 0.00279418]
531 spam [3.01124317e-12 1.00000000e+00]
532 ham [9.99995013e-01 4.98696414e-06]
533 ham [9.99421170e-01 5.78830111e-04]
534 ham [9.99991785e-01 8.21526132e-06]
535 ham [1.00000000e+00 5.01528782e-18]
536 ham [1.00000000e+00 1.72279759e-11]
537 ham [9.99998093e-01 1.90740572e-06]
538 ham [9.99999702e-01 2.97918682e-07]
539 ham [9.99999630e-01 3.69690947e-07]
540 ham [9.99699708e-01 3.00291612e-04]
541 spam [4.3236638e-15 1.0000000e+00]
542 ham [9.99669943e-01 3.30057385e-04]
543 ham [9.99998616e-01 1.38400763e-06]
544 ham [0.6126679 0.3873321]
545 ham [9.99999983e-01 1.65732707e-08]
546 ham [0.9760136 0.0239864]
547 ham [1.00000000e+00 8.54814693e-14]
548 ham [9.99730214e-01 2.69786232e-04]
549 ham [9.99999803e-01 1.96703729e-07]
550 ham [1.00000000e+00 4.74607216e-11]
551 ham [1.00000000e+00 1.18413994e-15]
552 ham [0.99255084 0.00744916]
553 ham [0.99897268 0.00102732]
554 ham [1.00000000e+00 9.45852038e-12]
555 ham [9.99999032e-01 9.68421795e-07]
556 ham [0.7933128 0.2066872]
557 ham [9.99997948e-01 2.05177987e-06]
558 ham [9.99999319e-01 6.80862460e-07]
559 ham [9.99666512e-01 3.33488307e-04]
560 ham [1.00000000e+00 6.16122012e-17]
561 ham [9.99999984e-01 1.56195262e-08]
562 ham [9.99960229e-01 3.97705596e-05]
563 ham [9.99999666e-01 3.33921947e-07]
564 spam [2.25704394e-09 9.99999998e-01]
565 ham [1.00000000e+00 1.89249422e-21]
566 ham [9.99717718e-01 2.82282011e-04]
567 ham [0.98724018 0.01275982]
568 ham [1.0000000e+00 1.1365761e-13]
569 ham [0.99839757 0.00160243]
570 ham [0.93791682 0.06208318]
571 ham [1.00000000e+00 7.44934839e-16]
572 ham [9.99834969e-01 1.65031083e-04]
573 ham [0.99460867 0.00539133]
574 ham [0.82998785 0.17001215]
575 ham [9.99468272e-01 5.31727561e-04]
576 spam [1.13639164e-06 9.99998864e-01]
577 ham [1.00000000e+00 2.54761665e-11]
578 ham [9.99997854e-01 2.14599812e-06]
579 spam [1.72642805e-05 9.99982736e-01]
580 ham [9.99997158e-01 2.84183878e-06]
581 ham [9.99965417e-01 3.45829806e-05]
582 ham [9.99989932e-01 1.00677727e-05]
583 spam [7.54102579e-08 9.99999925e-01]
584 ham [9.99984456e-01 1.55437917e-05]
585 ham [9.99934312e-01 6.56876352e-05]
586 ham [9.99987206e-01 1.27943873e-05]
587 ham [1.00000000e+00 1.92766463e-13]
588 ham [0.68005377 0.31994623]
589 ham [0.87834732 0.12165268]
590 ham [9.99997708e-01 2.29157536e-06]
591 spam [6.15972554e-13 1.00000000e+00]
592 spam [1.59712272e-09 9.99999998e-01]
593 spam [4.36989765e-12 1.00000000e+00]
594 ham [0.9576972 0.0423028]
595 ham [9.99997720e-01 2.28017733e-06]
596 ham [0.99765211 0.00234789]
597 ham [0.99823129 0.00176871]
598 spam [5.97457165e-04 9.99402543e-01]
599 ham [9.99938607e-01 6.13926404e-05]
600 ham [9.99963762e-01 3.62376718e-05]
601 ham [0.99860119 0.00139881]
602 ham [1.00000000e+00 2.69762645e-10]
603 ham [0.99726157 0.00273843]
604 ham [9.99669945e-01 3.30055412e-04]
605 ham [9.99787706e-01 2.12293548e-04]
606 ham [0.90855778 0.09144222]
607 spam [1.91295377e-08 9.99999981e-01]
608 ham [9.99996993e-01 3.00710269e-06]
609 ham [9.99985381e-01 1.46194796e-05]
610 ham [9.99987188e-01 1.28119175e-05]
611 spam [0.03388753 0.96611247]
612 ham [9.99999795e-01 2.05148735e-07]
613 ham [0.84932656 0.15067344]
614 spam [0.19815064 0.80184936]
615 ham [9.99999376e-01 6.24209230e-07]
616 ham [9.99999997e-01 3.12134827e-09]
617 ham [1.00000000e+00 3.24127758e-10]
618 ham [9.99214556e-01 7.85443852e-04]
619 ham [9.99997810e-01 2.18966354e-06]
620 ham [9.99150801e-01 8.49198687e-04]
621 ham [9.99999977e-01 2.33204415e-08]
622 ham [0.99689467 0.00310533]
623 ham [0.96377485 0.03622515]
624 ham [9.99999871e-01 1.29037732e-07]
625 ham [9.99996819e-01 3.18097900e-06]
626 ham [0.99801105 0.00198895]
627 ham [9.99665181e-01 3.34818859e-04]
628 ham [1.0000000e+00 1.2207737e-10]
629 spam [1.02037555e-05 9.99989796e-01]
630 spam [2.41721647e-07 9.99999758e-01]
631 ham [9.99978199e-01 2.18008555e-05]
632 ham [0.89719529 0.10280471]
633 ham [9.99917970e-01 8.20302803e-05]
634 ham [0.94833706 0.05166294]
635 spam [3.40283812e-12 1.00000000e+00]
636 ham [9.99960383e-01 3.96166416e-05]
637 ham [9.99999903e-01 9.74639007e-08]
638 ham [9.99979586e-01 2.04142200e-05]
639 ham [9.99944600e-01 5.54000033e-05]
640 ham [0.99466719 0.00533281]
641 ham [9.99999983e-01 1.65390698e-08]
642 ham [1.00000000e+00 2.44870767e-10]
643 ham [0.99583283 0.00416717]
644 ham [0.99877301 0.00122699]
645 ham [9.99086759e-01 9.13241174e-04]
646 ham [9.99999842e-01 1.57730381e-07]
647 ham [9.99999959e-01 4.05371618e-08]
648 spam [6.40621891e-12 1.00000000e+00]
649 ham [0.92456902 0.07543098]
650 spam [1.09759836e-11 1.00000000e+00]
651 ham [0.99519238 0.00480762]
652 ham [9.99999991e-01 9.43922945e-09]
653 ham [9.99954458e-01 4.55420920e-05]
654 ham [9.99972484e-01 2.75160506e-05]
655 ham [9.99747492e-01 2.52507538e-04]
656 ham [0.99298102 0.00701898]
657 ham [1.00000000e+00 2.47670806e-10]
658 ham [9.99993649e-01 6.35111949e-06]
659 ham [9.99945462e-01 5.45379352e-05]
660 spam [0.0499212 0.9500788]
661 ham [9.99999932e-01 6.79499080e-08]
662 ham [0.99857748 0.00142252]
663 ham [1.00000000e+00 4.92973781e-10]
664 ham [0.89591965 0.10408035]
665 ham [0.98596628 0.01403372]
666 ham [0.92642159 0.07357841]
667 ham [9.99999949e-01 5.08555366e-08]
668 ham [9.99999429e-01 5.70930329e-07]
669 ham [0.98257627 0.01742373]
670 ham [0.98004819 0.01995181]
671 spam [0.41865331 0.58134669]
672 ham [0.57347454 0.42652546]
673 spam [6.11194328e-08 9.99999939e-01]
674 ham [1.00000000e+00 1.49229984e-17]
675 ham [1.00000000e+00 6.14420068e-11]
676 ham [9.99992257e-01 7.74272352e-06]
677 ham [0.99699118 0.00300882]
678 ham [9.99999998e-01 1.71967297e-09]
679 ham [0.99595728 0.00404272]
680 ham [9.99999999e-01 9.47744521e-10]
681 ham [9.99952168e-01 4.78316637e-05]
682 ham [9.99026239e-01 9.73760921e-04]
683 ham [0.99341534 0.00658466]
684 ham [9.99461421e-01 5.38579138e-04]
685 ham [9.99998921e-01 1.07885290e-06]
686 ham [9.99928967e-01 7.10332074e-05]
687 ham [0.9982844 0.0017156]
688 ham [1.00000000e+00 3.07667535e-10]
689 ham [9.99748433e-01 2.51567204e-04]
690 ham [0.95346195 0.04653805]
691 ham [0.97951181 0.02048819]
692 ham [9.99169420e-01 8.30579642e-04]
693 ham [9.99940404e-01 5.95957572e-05]
694 ham [0.99736734 0.00263266]
695 ham [9.99987089e-01 1.29106667e-05]
696 ham [0.98953313 0.01046687]
697 ham [9.99943367e-01 5.66333874e-05]
698 ham [9.99998515e-01 1.48480845e-06]
699 ham [9.99987471e-01 1.25287372e-05]
700 ham [9.99914156e-01 8.58436770e-05]
701 ham [0.99467488 0.00532512]
702 ham [9.99470604e-01 5.29395974e-04]
703 ham [0.98737151 0.01262849]
704 ham [9.99999599e-01 4.01147598e-07]
705 ham [1.00000000e+00 1.87663843e-15]
706 ham [9.99999976e-01 2.37318298e-08]
707 ham [0.99814055 0.00185945]
708 ham [9.99999426e-01 5.74276135e-07]
709 spam [2.51442379e-07 9.99999749e-01]
710 spam [3.16963782e-12 1.00000000e+00]
711 ham [1.00000000e+00 4.43763724e-11]
712 ham [1.00000000e+00 1.66026436e-15]
713 spam [1.62859787e-05 9.99983714e-01]
714 ham [9.99999754e-01 2.46238739e-07]
715 ham [9.99639026e-01 3.60973635e-04]
716 ham [9.99999718e-01 2.82327728e-07]
717 spam [2.12046314e-11 1.00000000e+00]
718 ham [1.00000000e+00 1.85026008e-11]
719 spam [1.41588206e-15 1.00000000e+00]
720 ham [1.00000000e+00 6.50058395e-12]
721 ham [9.99952614e-01 4.73863673e-05]
722 ham [9.99907292e-01 9.27075361e-05]
723 ham [0.81035853 0.18964147]
724 ham [0.95790618 0.04209382]
725 ham [1.00000000e+00 4.03208868e-21]
726 ham [9.99916135e-01 8.38651129e-05]
727 ham [1.00000000e+00 8.60332146e-26]
728 ham [0.98995689 0.01004311]
729 ham [0.97423666 0.02576334]
730 ham [9.99592285e-01 4.07714640e-04]
731 spam [5.02276005e-05 9.99949772e-01]
732 ham [9.99915477e-01 8.45231487e-05]
733 ham [9.99999025e-01 9.74755061e-07]
734 ham [9.99999999e-01 1.49048035e-09]
735 ham [9.99991687e-01 8.31315243e-06]
736 ham [9.99807492e-01 1.92507822e-04]
737 ham [0.99897042 0.00102958]
738 spam [1.65498911e-11 1.00000000e+00]
739 ham [9.99728697e-01 2.71302651e-04]
740 ham [1.00000000e+00 9.30445864e-11]
741 ham [9.99998730e-01 1.26961262e-06]
742 ham [9.99999512e-01 4.88295833e-07]
743 ham [1.00000000e+00 7.14799142e-17]
744 ham [0.97009251 0.02990749]
745 ham [0.97173389 0.02826611]
746 ham [9.99909054e-01 9.09462030e-05]
747 ham [9.99999604e-01 3.96217847e-07]
748 ham [0.89191458 0.10808542]
749 ham [9.99999962e-01 3.78732596e-08]
