0 ham [9.99999996e-01 3.94138481e-09]
1 ham [9.99997385e-01 2.61498319e-06]
2 spam [3.27795585e-13 1.00000000e+00]
3 ham [9.99999998e-01 1.62061472e-09]
4 ham [9.99999992e-01 7.74275633e-09]
5 ham [1.00000000e+00 1.57879666e-10]
6 ham [9.99999864e-01 1.35887834e-07]
7 ham [9.99990971e-01 9.02896442e-06]
8 spam [4.88936781e-12 1.00000000e+00]
9 spam [9.42236544e-14 1.00000000e+00]
10 ham [1.00000000e+00 4.01637269e-16]
11 spam [5.07975026e-18 1.00000000e+00]
12 spam [2.90924659e-16 1.00000000e+00]
13 ham [1.00000000e+00 1.97594174e-13]
14 ham [0.79756295 0.20243705]
15 spam [6.81083981e-05 9.99931892e-01]
16 ham [9.99999998e-01 2.34399459e-09]
17 ham [1.00000000e+00 3.87578278e-10]
18 ham [9.99999952e-01 4.83150801e-08]
19 spam [5.52624562e-16 1.00000000e+00]
20 ham [9.99909168e-01 9.08324932e-05]
21 ham [0.97883963 0.02116037]
22 ham [9.99999996e-01 4.43934908e-09]
23 ham [1.00000000e+00 1.48594209e-11]
24 ham [9.99995887e-01 4.11304853e-06]
25 ham [1.0000000e+00 2.1280029e-11]
26 ham [0.99880649 0.00119351]
27 ham [1.00000000e+00 8.13890175e-14]
28 ham [1.00000000e+00 7.00641579e-17]
29 ham [9.99999908e-01 9.18042010e-08]
30 ham [1.00000000e+00 3.22202997e-16]
31 ham [1.00000000e+00 8.15067742e-17]
32 ham [9.99961368e-01 3.86317806e-05]
33 ham [9.99620344e-01 3.79655947e-04]
34 spam [7.05483240e-04 9.99294517e-01]
35 ham [1.00000000e+00 1.45222042e-15]
36 ham [1.00000000e+00 1.96979194e-10]
37 ham [9.99944859e-01 5.51408572e-05]
38 ham [9.99943233e-01 5.67671610e-05]
39 ham [1.00000000e+00 6.52732701e-16]
40 ham [9.99999627e-01 3.73111328e-07]
41 ham [1.00000000e+00 8.69707752e-23]
42 spam [6.47179952e-08 9.99999935e-01]
43 ham [0.63742125 0.36257875]
44 ham [1.00000000e+00 6.97162023e-13]
45 ham [9.99751481e-01 2.48519010e-04]
46 ham [9.99399071e-01 6.00929236e-04]
47 ham [0.9957401 0.0042599]
48 ham [1.00000000e+00 4.81548545e-10]
49 ham [1.00000000e+00 1.62333776e-13]
50 ham [9.99999998e-01 1.59868140e-09]
51 ham [1.00000000e+00 1.05458539e-13]
52 ham [9.99990789e-01 9.21055735e-06]
53 ham [1.0000000e+00 3.6689361e-35]
54 spam [2.09785719e-06 9.99997902e-01]
55 ham [9.99999720e-01 2.79662594e-07]
56 spam [5.25697272e-15 1.00000000e+00]
57 ham [9.99999798e-01 2.01952491e-07]
58 ham [0.99805952 0.00194048]
59 ham [9.99147794e-01 8.52205880e-04]
60 ham [9.99999993e-01 6.90864218e-09]
61 ham [0.98019403 0.01980597]
62 ham [0.96639633 0.03360367]
63 ham [9.99999998e-01 2.15121990e-09]
64 ham [1.00000000e+00 7.81883225e-13]
65 spam [0.04861245 0.95138755]
66 ham [9.99999993e-01 7.05590020e-09]
67 spam [1.02525711e-16 1.00000000e+00]
68 ham [9.99999158e-01 8.41707197e-07]
69 ham [9.99495466e-01 5.04533638e-04]
70 ham [9.99999991e-01 8.59636032e-09]
71 ham [0.99775903 0.00224097]
72 spam [0.00378043 0.99621957]
73 ham [9.99999996e-01 4.17360944e-09]
74 ham [9.99943121e-01 5.68790552e-05]
75 ham [0.98841447 0.01158553]
76 ham [9.99996926e-01 3.07429517e-06]
77 ham [9.99999995e-01 4.56122774e-09]
78 ham [9.99999863e-01 1.36897963e-07]
79 ham [9.99999998e-01 1.56176367e-09]
80 ham [9.99994980e-01 5.01968676e-06]
81 ham [9.99991368e-01 8.63161989e-06]
82 ham [9.99998772e-01 1.22811349e-06]
83 ham [9.99997309e-01 2.69065407e-06]
84 ham [0.84465823 0.15534177]
85 ham [9.99999751e-01 2.48604664e-07]
86 ham [1.00000000e+00 9.80476374e-13]
87 ham [1.00000000e+00 8.67499746e-13]
88 ham [9.99999554e-01 4.45686887e-07]
89 ham [0.95957454 0.04042546]
90 ham [9.99549903e-01 4.50096670e-04]
91 ham [1.00000000e+00 1.55214795e-22]
92 ham [0.96747979 0.03252021]
93 spam [9.72304234e-14 1.00000000e+00]
94 ham [9.99999977e-01 2.31322692e-08]
95 spam [8.38513469e-07 9.99999161e-01]
96 ham [9.99879448e-01 1.20551973e-04]
97 ham [9.99999676e-01 3.23789224e-07]
98 ham [1.00000000e+00 7.08590902e-12]
99 ham [0.99720283 0.00279717]
100 ham [9.99997572e-01 2.42794006e-06]
101 ham [9.99988476e-01 1.15238161e-05]
102 ham [9.99999884e-01 1.15769785e-07]
103 ham [0.99589221 0.00410779]
104 ham [1.00000000e+00 4.09608339e-13]
105 ham [9.99976877e-01 2.31228423e-05]
106 ham [9.99042057e-01 9.57943261e-04]
107 ham [9.99999892e-01 1.08448679e-07]
108 ham [9.99999193e-01 8.07178631e-07]
109 ham [1.00000000e+00 5.22760292e-12]
110 ham [9.99960537e-01 3.94626140e-05]
111 ham [0.9987918 0.0012082]
112 ham [0.99684363 0.00315637]
113 ham [1.00000000e+00 3.30386368e-15]
114 spam [1.0330917e-15 1.0000000e+00]
115 ham [1.00000000e+00 6.65282122e-16]
116 ham [1.00000000e+00 2.22744656e-15]
117 spam [2.05408336e-15 1.00000000e+00]
118 spam [0.00788604 0.99211396]
119 ham [1.00000000e+00 1.42777868e-10]
120 spam [2.1637888e-14 1.0000000e+00]
121 spam [1.33209919e-18 1.00000000e+00]
122 ham [9.99696384e-01 3.03615748e-04]
123 spam [1.72418275e-08 9.99999983e-01]
124 ham [9.99815471e-01 1.84529233e-04]
125 ham [9.99974447e-01 2.55530290e-05]
126 ham [9.99743765e-01 2.56235302e-04]
127 ham [1.00000000e+00 2.21423062e-25]
128 ham [9.99927020e-01 7.29800139e-05]
129 spam [2.83211674e-07 9.99999717e-01]
130 ham [9.99999987e-01 1.32265658e-08]
131 ham [9.99935836e-01 6.41641330e-05]
132 ham [0.97729932 0.02270068]
133 ham [0.98732098 0.01267902]
134 spam [6.45068903e-04 9.99354931e-01]
135 spam [9.3543334e-14 1.0000000e+00]
136 ham [0.87994087 0.12005913]
137 ham [9.99903504e-01 9.64962554e-05]
138 ham [0.99714205 0.00285795]
139 ham [0.89139032 0.10860968]
140 ham [1.00000000e+00 3.24002676e-17]
141 ham [9.99998941e-01 1.05868189e-06]
142 ham [0.97574826 0.02425174]
143 ham [9.99999950e-01 4.99600759e-08]
144 ham [9.99999850e-01 1.50103506e-07]
145 ham [9.99152444e-01 8.47555771e-04]
146 ham [0.98231274 0.01768726]
147 ham [9.99366298e-01 6.33702190e-04]
148 ham [9.99951379e-01 4.86212109e-05]
149 ham [9.99999642e-01 3.57793019e-07]
150 ham [9.99938287e-01 6.17133425e-05]
151 ham [9.99999923e-01 7.69602968e-08]
152 ham [9.99994261e-01 5.73903246e-06]
153 ham [9.99780483e-01 2.19517208e-04]
154 ham [0.99589221 0.00410779]
155 ham [1.00000000e+00 3.97777404e-39]
156 ham [0.99804122 0.00195878]
157 ham [9.99999277e-01 7.23447392e-07]
158 ham [1.00000000e+00 3.80231649e-23]
159 spam [5.85108525e-04 9.99414891e-01]
160 spam [1.62118658e-10 1.00000000e+00]
161 ham [1.00000000e+00 7.98373495e-14]
162 ham [9.99999584e-01 4.16061969e-07]
163 ham [1.00000000e+00 3.68230101e-15]
164 spam [7.42535327e-17 1.00000000e+00]
165 spam [1.10643071e-04 9.99889357e-01]
166 ham [0.99638879 0.00361121]
167 spam [7.93282129e-13 1.00000000e+00]
168 ham [9.99762383e-01 2.37617211e-04]
169 ham [9.99968552e-01 3.14475259e-05]
170 ham [9.99990114e-01 9.88626326e-06]
171 ham [9.99960286e-01 3.97137544e-05]
172 ham [1.00000000e+00 2.40688196e-13]
173 ham [9.99998747e-01 1.25292688e-06]
174 ham [9.99999993e-01 7.10553965e-09]
175 ham [1.00000000e+00 4.35795356e-13]
176 ham [1.00000000e+00 9.65548973e-12]
177 ham [0.99873231 0.00126769]
178 ham [1.0000000e+00 1.8019167e-18]
179 ham [9.99999997e-01 2.90597130e-09]
180 ham [9.99843333e-01 1.56666944e-04]
181 ham [1.0000000e+00 9.4587231e-12]
182 ham [9.99887256e-01 1.12744347e-04]
183 ham [9.99994954e-01 5.04583470e-06]
184 ham [9.99586005e-01 4.13994943e-04]
185 ham [0.99268255 0.00731745]
186 ham [1.00000000e+00 4.18370813e-13]
187 ham [0.99860736 0.00139264]
188 spam [2.5306626e-13 1.0000000e+00]
189 ham [9.99999954e-01 4.61443475e-08]
190 ham [1.00000000e+00 1.58623349e-13]
191 spam [0.33287818 0.66712182]
192 ham [1.00000000e+00 1.69550233e-18]
193 ham [9.99968102e-01 3.18983977e-05]
194 ham [9.99876576e-01 1.23423736e-04]
195 ham [9.99999999e-01 1.09580454e-09]
196 ham [9.99500098e-01 4.99902140e-04]
197 ham [9.99970122e-01 2.98781228e-05]
198 ham [9.99462538e-01 5.37461725e-04]
199 ham [1.00000000e+00 1.05884527e-14]
200 ham [9.99999990e-01 9.54944749e-09]
201 ham [9.99999771e-01 2.28863259e-07]
202 ham [9.99999983e-01 1.68523954e-08]
203 ham [9.99999999e-01 9.40513720e-10]
204 ham [0.78330932 0.21669068]
205 ham [0.96359214 0.03640786]
206 ham [9.99999894e-01 1.05803600e-07]
207 ham [1.00000000e+00 9.83586221e-16]
208 ham [0.83391547 0.16608453]
209 ham [9.99996103e-01 3.89660323e-06]
210 ham [9.99989197e-01 1.08031401e-05]
211 ham [9.99999849e-01 1.51330217e-07]
212 ham [0.99863481 0.00136519]
213 ham [9.99999877e-01 1.22862750e-07]
214 ham [9.99997119e-01 2.88121775e-06]
215 ham [9.99479377e-01 5.20623323e-04]
216 spam [0.17837957 0.82162043]
217 ham [9.99982768e-01 1.72322155e-05]
218 ham [9.99960139e-01 3.98608708e-05]
219 ham [0.97426359 0.02573641]
220 ham [1.00000000e+00 3.38643754e-23]
221 ham [9.99751693e-01 2.48307286e-04]
222 ham [1.00000000e+00 1.71214207e-10]
223 ham [9.99998175e-01 1.82540563e-06]
224 ham [1.00000000e+00 5.51007432e-11]
225 spam [2.34799669e-18 1.00000000e+00]
226 ham [9.99997712e-01 2.28834121e-06]
227 ham [0.8780454 0.1219546]
228 ham [0.71373992 0.28626008]
229 ham [9.99999992e-01 7.75937022e-09]
230 ham [9.99955395e-01 4.46050169e-05]
231 ham [9.99999929e-01 7.10363275e-08]
232 ham [0.99768245 0.00231755]
233 ham [9.99987790e-01 1.22102678e-05]
234 ham [9.99999969e-01 3.13563228e-08]
235 spam [1.87320789e-07 9.99999813e-01]
236 ham [9.99999996e-01 4.25378199e-09]
237 ham [9.99735917e-01 2.64082712e-04]
238 ham [9.99994058e-01 5.94205083e-06]
239 ham [9.99999999e-01 1.23264790e-09]
240 ham [0.65402903 0.34597097]
241 ham [9.99953707e-01 4.62933139e-05]
242 spam [0.10355674 0.89644326]
243 ham [9.99995725e-01 4.27547936e-06]
244 ham [1.00000000e+00 2.34780135e-23]
245 ham [9.99947236e-01 5.27636316e-05]
246 ham [1.00000000e+00 3.29162573e-11]
247 ham [9.99404042e-01 5.95958368e-04]
248 spam [0.37804075 0.62195925]
249 ham [1.00000000e+00 4.64528565e-14]
250 spam [1.03201996e-23 1.00000000e+00]
251 spam [0.10311583 0.89688417]
252 ham [1.00000000e+00 1.38665284e-10]
253 ham [9.99998379e-01 1.62090800e-06]
254 ham [9.99989683e-01 1.03170459e-05]
255 ham [9.99999966e-01 3.39487515e-08]
256 ham [9.99999991e-01 8.71870938e-09]
257 ham [9.99630330e-01 3.69669968e-04]
258 ham [9.99999699e-01 3.01458795e-07]
259 spam [7.02629623e-05 9.99929737e-01]
260 ham [9.99999983e-01 1.67428120e-08]
261 ham [0.96255724 0.03744276]
262 ham [1.00000000e+00 3.44854188e-10]
263 spam [0.00138848 0.99861152]
264 spam [0.02757082 0.97242918]
265 ham [0.99513876 0.00486124]
266 ham [0.87453102 0.12546898]
267 ham [9.99962897e-01 3.71033820e-05]
268 spam [6.32031633e-22 1.00000000e+00]
269 ham [0.99278823 0.00721177]
270 spam [1.06878919e-06 9.99998931e-01]
271 ham [0.97761911 0.02238089]
272 ham [9.99999693e-01 3.07140434e-07]
273 spam [6.60191575e-11 1.00000000e+00]
274 ham [9.99956579e-01 4.34209530e-05]
275 ham [0.98923525 0.01076475]
276 ham [0.99814508 0.00185492]
277 ham [0.97008946 0.02991054]
278 ham [9.99998473e-01 1.52660424e-06]
279 ham [9.99999986e-01 1.44347565e-08]
280 ham [9.99988733e-01 1.12668079e-05]
281 ham [0.99740545 0.00259455]
282 ham [1.00000000e+00 7.90192037e-12]
283 ham [9.99941175e-01 5.88250609e-05]
284 ham [0.99445581 0.00554419]
285 ham [1.0000000e+00 1.8521091e-14]
286 ham [9.99999987e-01 1.28686948e-08]
287 ham [9.99357510e-01 6.42489811e-04]
288 ham [1.00000000e+00 3.33496859e-13]
289 ham [1.00000000e+00 2.54624861e-17]
290 ham [9.99999695e-01 3.04905953e-07]
291 ham [0.99887266 0.00112734]
292 ham [9.99999357e-01 6.43024883e-07]
293 ham [9.99501583e-01 4.98417281e-04]
294 ham [0.99867998 0.00132002]
295 ham [0.92559032 0.07440968]
296 spam [1.06729578e-13 1.00000000e+00]
297 ham [0.99791008 0.00208992]
298 ham [1.00000000e+00 1.12070375e-21]
299 ham [9.99211414e-01 7.88586129e-04]
300 ham [1.00000000e+00 3.39000761e-10]
301 ham [9.99994838e-01 5.16183555e-06]
302 ham [1.00000000e+00 3.55660313e-11]
303 ham [9.99990934e-01 9.06558685e-06]
304 ham [0.95303723 0.04696277]
305 spam [2.65746273e-14 1.00000000e+00]
306 ham [1.00000000e+00 2.69230585e-12]
307 ham [9.99649525e-01 3.50474514e-04]
308 ham [9.99945018e-01 5.49817371e-05]
309 spam [2.81395687e-04 9.99718604e-01]
310 ham [9.99606680e-01 3.93319651e-04]
311 spam [0.03714596 0.96285404]
312 spam [1.36888626e-14 1.00000000e+00]
313 ham [1.00000000e+00 9.34454793e-18]
314 ham [1.00000000e+00 7.61634762e-13]
315 ham [9.99999869e-01 1.30860197e-07]
316 ham [9.99661220e-01 3.38780476e-04]
317 ham [1.00000000e+00 3.92614181e-12]
318 ham [9.99996443e-01 3.55714130e-06]
319 spam [5.7001334e-16 1.0000000e+00]
320 ham [9.99973006e-01 2.69939590e-05]
321 ham [9.99980151e-01 1.98494015e-05]
322 ham [9.99999995e-01 5.03640220e-09]
323 ham [0.99223774 0.00776226]
324 ham [9.99999990e-01 9.68390286e-09]
325 ham [9.99794804e-01 2.05195897e-04]
326 ham [9.99677053e-01 3.22946956e-04]
327 ham [9.99990267e-01 9.73320153e-06]
328 ham [1.0000000e+00 5.0069541e-11]
329 ham [9.99905135e-01 9.48649553e-05]
330 ham [1.00000000e+00 1.05280832e-10]
331 ham [9.99982432e-01 1.75679227e-05]
332 ham [9.99997720e-01 2.27950303e-06]
333 spam [1.48691134e-08 9.99999985e-01]
334 ham [9.99999999e-01 7.94666510e-10]
335 spam [2.72567103e-09 9.99999997e-01]
336 ham [9.99954528e-01 4.54721535e-05]
337 ham [9.99961518e-01 3.84821564e-05]
338 ham [9.99654281e-01 3.45718880e-04]
339 ham [9.99995542e-01 4.45812071e-06]
340 ham [9.99208928e-01 7.91071696e-04]
341 ham [9.99989997e-01 1.00032156e-05]
342 ham [9.99999776e-01 2.23739935e-07]
343 ham [0.98889765 0.01110235]
344 ham [9.99753323e-01 2.46676947e-04]
345 ham [0.96926833 0.03073167]
346 ham [9.99623817e-01 3.76182703e-04]
347 ham [9.99996695e-01 3.30480315e-06]
348 ham [0.77124618 0.22875382]
349 spam [0.00206822 0.99793178]
350 ham [9.99996348e-01 3.65176233e-06]
351 ham [9.99999992e-01 7.59363849e-09]
352 ham [1.00000000e+00 2.51300692e-11]
353 ham [1.00000000e+00 1.12804513e-10]
354 ham [9.99999996e-01 4.02424422e-09]
355 ham [9.99959928e-01 4.00715113e-05]
356 ham [9.99999996e-01 4.33465739e-09]
357 spam [3.1716519e-23 1.0000000e+00]
358 spam [5.41419886e-21 1.00000000e+00]
359 ham [1.00000000e+00 1.98060818e-20]
360 ham [9.99999149e-01 8.50856903e-07]
361 spam [0.42144108 0.57855892]
362 ham [9.99938247e-01 6.17530511e-05]
363 ham [0.98150389 0.01849611]
364 ham [9.99996606e-01 3.39397484e-06]
365 ham [1.00000000e+00 1.36447039e-17]
366 ham [9.99999997e-01 3.03163977e-09]
367 spam [2.50490758e-17 1.00000000e+00]
368 spam [1.46895144e-08 9.99999985e-01]
369 ham [0.99641652 0.00358348]
370 ham [9.99972894e-01 2.71061097e-05]
371 ham [1.00000000e+00 6.38107713e-20]
372 ham [9.99998469e-01 1.53088701e-06]
373 ham [1.00000000e+00 2.42104218e-12]
374 ham [1.000000e+00 5.583651e-20]
375 spam [5.83626527e-05 9.99941637e-01]
376 ham [9.99555648e-01 4.44351846e-04]
377 ham [9.99999959e-01 4.13701390e-08]
378 ham [9.99999365e-01 6.34687917e-07]
379 ham [0.99824903 0.00175097]
380 ham [1.00000000e+00 3.11969777e-12]
381 ham [1.00000000e+00 1.04710345e-32]
382 ham [9.99995090e-01 4.91026573e-06]
383 ham [9.99814982e-01 1.85018002e-04]
384 ham [9.99998187e-01 1.81276856e-06]
385 spam [4.52704074e-12 1.00000000e+00]
386 ham [0.55557361 0.44442639]
387 ham [9.99607452e-01 3.92548167e-04]
388 ham [9.99933132e-01 6.68675411e-05]
389 spam [1.10482763e-14 1.00000000e+00]
390 ham [9.99999895e-01 1.04594400e-07]
391 ham [9.99977700e-01 2.22997144e-05]
392 ham [9.99996488e-01 3.51215771e-06]
393 ham [9.99593158e-01 4.06841874e-04]
394 ham [1.0000000e+00 7.0511279e-17]
395 ham [9.99997630e-01 2.37022054e-06]
396 ham [0.99619286 0.00380714]
397 ham [9.99999997e-01 3.09666048e-09]
398 ham [1.00000000e+00 4.92131175e-16]
399 ham [9.99999986e-01 1.38872387e-08]
400 ham [1.00000000e+00 8.01544254e-12]
401 spam [1.28379887e-12 1.00000000e+00]
402 ham [9.99832987e-01 1.67013387e-04]
403 ham [0.92944577 0.07055423]
404 ham [9.99985815e-01 1.41851955e-05]
405 ham [9.99999806e-01 1.93875113e-07]
406 ham [9.99993878e-01 6.12177942e-06]
407 ham [1.00000000e+00 3.18320574e-11]
408 ham [0.99895718 0.00104282]
409 ham [0.73063142 0.26936858]
410 spam [4.11004966e-07 9.99999589e-01]
411 ham [9.99996962e-01 3.03826555e-06]
412 ham [9.99979773e-01 2.02269954e-05]
413 ham [1.00000000e+00 7.84689845e-12]
414 ham [0.94340013 0.05659987]
415 spam [0.00964919 0.99035081]
416 ham [0.99675344 0.00324656]
417 ham [0.9965293 0.0034707]
418 spam [4.01402877e-12 1.00000000e+00]
419 ham [9.99999972e-01 2.83225694e-08]
420 spam [3.79788054e-16 1.00000000e+00]
421 ham [9.99983996e-01 1.60036664e-05]
422 spam [1.91641725e-06 9.99998084e-01]
423 ham [0.76302938 0.23697062]
424 spam [5.74152204e-14 1.00000000e+00]
425 ham [1.00000000e+00 6.52353305e-12]
426 ham [9.99999396e-01 6.04267432e-07]
427 ham [9.99998763e-01 1.23673658e-06]
428 ham [0.94300217 0.05699783]
429 ham [1.00000000e+00 4.60791285e-11]
430 ham [1.00000000e+00 1.95500661e-17]
431 ham [0.99788762 0.00211238]
432 ham [0.98867801 0.01132199]
433 spam [4.49934521e-19 1.00000000e+00]
434 ham [0.83278275 0.16721725]
435 ham [1.00000000e+00 1.61067125e-11]
436 ham [1.00000000e+00 1.76300008e-16]
437 ham [9.99997252e-01 2.74788094e-06]
438 ham [0.99802603 0.00197397]
439 ham [0.99555142 0.00444858]
440 ham [9.9999960e-01 3.9980889e-07]
441 ham [1.00000000e+00 1.89699171e-10]
442 ham [0.99892471 0.00107529]
443 ham [1.00000000e+00 2.65519843e-15]
444 ham [9.99994407e-01 5.59349439e-06]
445 spam [0.00570556 0.99429444]
446 ham [1.0000000e+00 1.2143999e-14]
447 ham [9.99991377e-01 8.62281217e-06]
448 ham [9.99999915e-01 8.45886693e-08]
449 ham [9.99849793e-01 1.50206597e-04]
450 ham [0.99837992 0.00162008]
451 spam [0.3805981 0.6194019]
452 ham [9.99996647e-01 3.35281981e-06]
453 ham [9.99999695e-01 3.05462577e-07]
454 ham [1.0000000e+00 4.4249435e-10]
455 spam [0.0010789 0.9989211]
456 ham [0.99869543 0.00130457]
457 spam [7.10452747e-05 9.99928955e-01]
458 ham [9.99999999e-01 8.39815298e-10]
459 ham [9.99998992e-01 1.00844335e-06]
460 ham [9.99999931e-01 6.94371746e-08]
461 ham [9.99999842e-01 1.58028562e-07]
462 ham [0.99192874 0.00807126]
463 spam [2.51978392e-13 1.00000000e+00]
464 ham [9.99998828e-01 1.17182088e-06]
465 ham [9.99909641e-01 9.03594458e-05]
466 ham [1.00000000e+00 9.70889707e-15]
467 ham [9.99999936e-01 6.44780937e-08]
468 ham [9.99363431e-01 6.36568971e-04]
469 ham [9.99996662e-01 3.33798265e-06]
470 ham [9.99752701e-01 2.47299047e-04]
471 spam [2.5860219e-14 1.0000000e+00]
472 ham [9.99920768e-01 7.92321995e-05]
473 ham [1.00000000e+00 1.71863199e-24]
474 spam [5.02084921e-14 1.00000000e+00]
475 ham [1.00000000e+00 1.72951609e-11]
476 ham [9.99999948e-01 5.22279860e-08]
477 ham [9.99999674e-01 3.26094151e-07]
478 ham [0.99891729 0.00108271]
479 ham [9.99999997e-01 2.97915711e-09]
480 ham [9.99999828e-01 1.72335562e-07]
481 ham [0.99899701 0.00100299]
482 ham [9.99999998e-01 1.72822781e-09]
483 ham [9.99660170e-01 3.39829695e-04]
484 ham [9.99997697e-01 2.30283940e-06]
485 spam [0.43254187 0.56745813]
486 ham [9.99007674e-01 9.92326385e-04]
487 spam [8.14790676e-12 1.00000000e+00]
488 ham [0.9981511 0.0018489]
489 ham [9.99976989e-01 2.30107672e-05]
490 ham [9.99999992e-01 7.63245024e-09]
491 ham [1.00000000e+00 5.51083545e-13]
492 spam [8.70607876e-14 1.00000000e+00]
493 ham [9.99999483e-01 5.16980137e-07]
494 ham [9.99999931e-01 6.86711897e-08]
495 ham [9.99968664e-01 3.13358833e-05]
496 ham [9.99667605e-01 3.32394884e-04]
497 ham [1.00000000e+00 3.52639133e-11]
498 ham [9.99718729e-01 2.81270906e-04]
499 ham [0.97721619 0.02278381]
500 ham [9.99374952e-01 6.25048025e-04]
501 ham [0.99559912 0.00440088]
502 ham [9.99833288e-01 1.66712450e-04]
503 ham [0.62311784 0.37688216]
504 ham [0.99704123 0.00295877]
505 spam [7.67673475e-15 1.00000000e+00]
506 ham [1.00000000e+00 4.24438965e-13]
507 ham [0.99542678 0.00457322]
508 ham [1.00000000e+00 2.99303482e-18]
509 ham [9.99475977e-01 5.24022548e-04]
510 spam [0.02072532 0.97927468]
511 ham [9.99999973e-01 2.70892850e-08]
512 ham [1.00000000e+00 3.80364746e-10]
513 ham [0.99802795 0.00197205]
514 ham [9.99470291e-01 5.29708880e-04]
515 spam [3.50585882e-21 1.00000000e+00]
516 ham [0.98815948 0.01184052]
517 spam [1.11592848e-14 1.00000000e+00]
518 spam [8.34414250e-06 9.99991656e-01]
519 ham [1.00000000e+00 5.39932309e-11]
520 ham [9.99999993e-01 7.28405337e-09]
521 ham [9.99966530e-01 3.34698928e-05]
522 ham [9.99355742e-01 6.44257630e-04]
523 ham [0.99230144 0.00769856]
524 ham [9.99794079e-01 2.05920898e-04]
525 spam [9.05191876e-20 1.00000000e+00]
526 ham [9.99997724e-01 2.27603974e-06]
527 spam [2.39208536e-14 1.00000000e+00]
528 ham [9.99759268e-01 2.40732140e-04]
529 spam [0.00175255 0.99824745]
530 ham [0.99830374 0.00169626]
531 spam [2.52961929e-19 1.00000000e+00]
532 ham [9.99999769e-01 2.30564854e-07]
533 ham [9.99581273e-01 4.18726706e-04]
534 ham [9.99999359e-01 6.40840532e-07]
535 ham [1.00000000e+00 8.11654549e-21]
536 ham [1.00000000e+00 8.60203628e-16]
537 ham [9.99999138e-01 8.62233425e-07]
538 ham [9.99999900e-01 1.00391913e-07]
539 ham [9.99998362e-01 1.63817826e-06]
540 ham [9.99985356e-01 1.46441415e-05]
541 spam [1.88127841e-16 1.00000000e+00]
542 ham [9.99963086e-01 3.69142371e-05]
543 ham [9.99999985e-01 1.54024604e-08]
544 ham [0.89535156 0.10464844]
545 ham [9.99999970e-01 2.95653755e-08]
546 ham [0.99338019 0.00661981]
547 ham [1.0000000e+00 2.7713358e-16]
548 ham [9.99982472e-01 1.75280640e-05]
549 ham [9.99999911e-01 8.94365992e-08]
550 ham [1.00000000e+00 3.51032814e-14]
551 ham [1.00000000e+00 2.78488002e-19]
552 ham [9.99202084e-01 7.97915600e-04]
553 ham [9.99939199e-01 6.08014598e-05]
554 ham [1.00000000e+00 4.69605246e-14]
555 ham [9.99999979e-01 2.07661137e-08]
556 ham [0.81763482 0.18236518]
557 ham [9.99997654e-01 2.34642287e-06]
558 ham [9.99999955e-01 4.45283619e-08]
559 ham [9.99986120e-01 1.38800901e-05]
560 ham [1.0000000e+00 5.9995184e-19]
561 ham [9.99999994e-01 5.68304168e-09]
562 ham [9.99987941e-01 1.20588384e-05]
563 ham [9.99999996e-01 4.43453676e-09]
564 spam [8.92234978e-15 1.00000000e+00]
565 ham [1.00000000e+00 2.59167503e-26]
566 ham [9.99662258e-01 3.37741718e-04]
567 ham [0.99890113 0.00109887]
568 ham [1.00000000e+00 2.17099723e-17]
569 ham [9.99961178e-01 3.88221376e-05]
570 ham [0.62042373 0.37957627]
571 ham [1.00000000e+00 3.18578624e-17]
572 ham [9.99984991e-01 1.50094073e-05]
573 ham [0.99861597 0.00138403]
574 ham [0.85717059 0.14282941]
575 ham [9.99637293e-01 3.62707475e-04]
576 spam [1.64930908e-07 9.99999835e-01]
577 ham [1.00000000e+00 7.05886203e-14]
578 ham [9.99998807e-01 1.19252894e-06]
579 spam [5.92881590e-05 9.99940712e-01]
580 ham [9.99998053e-01 1.94748538e-06]
581 ham [9.99992372e-01 7.62846505e-06]
582 ham [9.99999237e-01 7.63148736e-07]
583 spam [2.84797015e-07 9.99999715e-01]
584 ham [9.99999215e-01 7.85480096e-07]
585 ham [9.99995038e-01 4.96188211e-06]
586 ham [9.99997943e-01 2.05699531e-06]
587 ham [1.00000000e+00 6.74517603e-15]
588 ham [0.78801164 0.21198836]
589 ham [0.94956013 0.05043987]
590 ham [9.99999867e-01 1.33253912e-07]
591 spam [3.95266437e-15 1.00000000e+00]
592 spam [9.1890389e-14 1.0000000e+00]
593 spam [3.01648558e-18 1.00000000e+00]
594 ham [0.97030578 0.02969422]
595 ham [9.99999929e-01 7.07985030e-08]
596 ham [9.99974555e-01 2.54451624e-05]
597 ham [9.99487643e-01 5.12356614e-04]
598 spam [2.27439267e-05 9.99977256e-01]
599 ham [9.99990287e-01 9.71322975e-06]
600 ham [9.99998126e-01 1.87364770e-06]
601 ham [0.97950053 0.02049947]
602 ham [1.00000000e+00 9.33097194e-12]
603 ham [0.99647946 0.00352054]
604 ham [9.99958569e-01 4.14308518e-05]
605 ham [9.99884452e-01 1.15547632e-04]
606 spam [0.21644531 0.78355469]
607 spam [3.25255643e-13 1.00000000e+00]
608 ham [9.99999900e-01 1.00407575e-07]
609 ham [9.99978811e-01 2.11887450e-05]
610 ham [9.99987511e-01 1.24890198e-05]
611 spam [3.53965952e-06 9.99996460e-01]
612 ham [9.99999951e-01 4.89781244e-08]
613 ham [0.98654795 0.01345205]
614 spam [4.32669592e-08 9.99999957e-01]
615 ham [9.99999977e-01 2.34787362e-08]
616 ham [1.00000000e+00 1.92046626e-12]
617 ham [1.00000000e+00 1.87851662e-12]
618 ham [0.99786558 0.00213442]
619 ham [9.99999856e-01 1.44359053e-07]
620 ham [9.99390858e-01 6.09141961e-04]
621 ham [9.99999995e-01 5.32706895e-09]
622 ham [9.99959387e-01 4.06125909e-05]
623 spam [0.00282958 0.99717042]
624 ham [9.99999953e-01 4.68850730e-08]
625 ham [9.99999533e-01 4.67028916e-07]
626 ham [9.99979096e-01 2.09035652e-05]
627 ham [9.99983293e-01 1.67071524e-05]
628 ham [1.00000000e+00 1.47994229e-11]
629 spam [2.88514825e-08 9.99999971e-01]
630 spam [1.13492985e-07 9.99999887e-01]
631 ham [9.99973015e-01 2.69848476e-05]
632 ham [0.94995071 0.05004929]
633 ham [9.99998471e-01 1.52873604e-06]
634 ham [0.96877803 0.03122197]
635 spam [1.63842887e-14 1.00000000e+00]
636 ham [9.99939059e-01 6.09408104e-05]
637 ham [9.99999930e-01 6.98954125e-08]
638 ham [9.99994558e-01 5.44184622e-06]
639 ham [9.99996049e-01 3.95064874e-06]
640 ham [9.99906221e-01 9.37792509e-05]
641 ham [1.00000000e+00 1.75240314e-11]
642 ham [1.00000000e+00 1.38767845e-11]
643 ham [0.99715096 0.00284904]
644 ham [9.99627834e-01 3.72166013e-04]
645 ham [9.99960297e-01 3.97030097e-05]
646 ham [9.99999996e-01 3.80123466e-09]
647 ham [1.00000000e+00 1.49365532e-10]
648 spam [4.16646854e-18 1.00000000e+00]
649 ham [0.99383706 0.00616294]
650 spam [3.04209138e-15 1.00000000e+00]
651 ham [0.99411378 0.00588622]
652 ham [1.00000000e+00 1.49905965e-13]
653 ham [9.99998817e-01 1.18307797e-06]
654 ham [9.99980060e-01 1.99404781e-05]
655 ham [9.99902877e-01 9.71229088e-05]
656 ham [0.99818439 0.00181561]
657 ham [1.00000000e+00 2.33002701e-12]
658 ham [9.99996635e-01 3.36472488e-06]
659 ham [9.99991107e-01 8.89347774e-06]
660 spam [0.08240427 0.91759573]
661 ham [9.99999981e-01 1.94929769e-08]
662 ham [9.99705133e-01 2.94866608e-04]
663 ham [1.00000000e+00 3.25824353e-11]
664 ham [0.73454968 0.26545032]
665 ham [0.99801067 0.00198933]
666 ham [0.92547521 0.07452479]
667 ham [9.99999951e-01 4.85812651e-08]
668 ham [9.99999662e-01 3.37755853e-07]
669 ham [0.99255779 0.00744221]
670 ham [0.99223167 0.00776833]
671 spam [0.21269426 0.78730574]
672 spam [7.75462725e-04 9.99224537e-01]
673 spam [2.17736223e-13 1.00000000e+00]
674 ham [1.00000000e+00 1.50422335e-17]
675 ham [1.00000000e+00 2.12377634e-13]
676 ham [9.99999654e-01 3.45896512e-07]
677 ham [9.99059834e-01 9.40166399e-04]
678 ham [1.00000000e+00 6.66587376e-12]
679 ham [9.99534203e-01 4.65797185e-04]
680 ham [1.0000000e+00 9.2313196e-13]
681 ham [9.99993588e-01 6.41243972e-06]
682 ham [9.99673343e-01 3.26656627e-04]
683 ham [0.99515857 0.00484143]
684 ham [9.99999990e-01 1.00378288e-08]
685 ham [9.99999991e-01 9.42511433e-09]
686 ham [9.99979144e-01 2.08555768e-05]
687 ham [9.99842889e-01 1.57111382e-04]
688 ham [1.0000000e+00 4.3849076e-11]
689 ham [9.99973275e-01 2.67251837e-05]
690 ham [0.88533235 0.11466765]
691 ham [0.98868174 0.01131826]
692 ham [9.99998481e-01 1.51940110e-06]
693 ham [9.99997104e-01 2.89626630e-06]
694 ham [9.99857943e-01 1.42057348e-04]
695 ham [9.99982225e-01 1.77745444e-05]
696 ham [9.99961025e-01 3.89752505e-05]
697 ham [9.99981275e-01 1.87254143e-05]
698 ham [9.99999394e-01 6.06092188e-07]
699 ham [9.99981609e-01 1.83913558e-05]
700 ham [9.9997959e-01 2.0409631e-05]
701 ham [9.99537930e-01 4.62069937e-04]
702 ham [9.99996959e-01 3.04050052e-06]
703 ham [9.99211388e-01 7.88612417e-04]
704 ham [9.99999994e-01 5.79722294e-09]
705 ham [1.00000000e+00 1.18926388e-15]
706 ham [1.00000000e+00 4.73619608e-11]
707 ham [9.99856092e-01 1.43908479e-04]
708 ham [9.99999308e-01 6.92070315e-07]
709 spam [1.51191529e-12 1.00000000e+00]
710 spam [5.70180484e-19 1.00000000e+00]
711 ham [1.0000000e+00 2.1569235e-11]
712 ham [1.00000000e+00 1.09706707e-16]
713 spam [4.37472807e-06 9.99995625e-01]
714 ham [9.99999872e-01 1.28107502e-07]
715 ham [9.99997152e-01 2.84839594e-06]
716 ham [9.99999967e-01 3.31268088e-08]
717 spam [1.21792207e-15 1.00000000e+00]
718 ham [1.0000000e+00 2.9212433e-14]
719 spam [5.25445202e-17 1.00000000e+00]
720 ham [1.00000000e+00 2.09481935e-11]
721 ham [9.99957133e-01 4.28666126e-05]
722 ham [9.99696669e-01 3.03331395e-04]
723 ham [0.94290445 0.05709555]
724 ham [0.98498064 0.01501936]
725 ham [1.00000000e+00 1.43842805e-22]
726 ham [9.99988459e-01 1.15414714e-05]
727 ham [1.00000000e+00 5.32757065e-28]
728 ham [0.99719407 0.00280593]
729 ham [0.96997987 0.03002013]
730 ham [9.99367168e-01 6.32831718e-04]
731 spam [6.37350437e-07 9.99999363e-01]
732 ham [9.99883592e-01 1.16408118e-04]
733 ham [9.99999995e-01 4.99787447e-09]
734 ham [1.00000000e+00 3.01736479e-10]
735 ham [9.99996393e-01 3.60726207e-06]
736 ham [9.99959624e-01 4.03761969e-05]
737 ham [9.99929071e-01 7.09287501e-05]
738 spam [1.82737715e-19 1.00000000e+00]
739 ham [9.99601794e-01 3.98206090e-04]
740 ham [1.00000000e+00 8.68965013e-12]
741 ham [9.99999784e-01 2.15754909e-07]
742 ham [9.99999938e-01 6.21813928e-08]
743 ham [1.00000000e+00 2.03095363e-18]
744 ham [0.99846324 0.00153676]
745 ham [0.93097048 0.06902952]
746 ham [9.99922723e-01 7.72768680e-05]
747 ham [9.99999998e-01 1.78828378e-09]
748 spam [5.09241725e-04 9.99490758e-01]
749 ham [9.99999988e-01 1.16542172e-08]
