0 ham [9.99974691e-01 2.53089851e-05]
1 ham [1.00000000e+00 1.76231229e-42]
2 spam [1.10854572e-112 1.00000000e+000]
3 ham [1.00000000e+00 5.65693761e-41]
4 ham [1.0000000e+00 1.8428275e-47]
5 spam [0.31274946 0.68725054]
6 ham [1.0000000e+00 2.3108477e-23]
7 ham [1.00000000e+000 2.91703199e-103]
8 spam [2.17406569e-108 1.00000000e+000]
9 spam [3.43286024e-102 1.00000000e+000]
10 ham [1.00000000e+00 1.25390675e-43]
11 spam [1.03233918e-90 1.00000000e+00]
12 spam [3.84471943e-107 1.00000000e+000]
13 ham [1.00000000e+00 2.98410283e-10]
14 ham [1.00000000e+00 4.94118193e-31]
15 spam [5.92997725e-37 1.00000000e+00]
16 ham [1.00000000e+00 1.17506369e-59]
17 ham [1.00000000e+00 4.72471848e-28]
18 ham [1.00000000e+00 5.55854541e-37]
19 spam [2.47960515e-65 1.00000000e+00]
20 ham [1.00000000e+00 5.48244253e-34]
21 ham [1.00000000e+00 5.97478183e-29]
22 ham [1.00000000e+00 9.44467715e-37]
23 ham [1.00000000e+00 1.31893853e-33]
24 ham [1.0000000e+00 5.4261925e-35]
25 ham [9.99999999e-01 8.67943418e-10]
26 ham [1.00000000e+00 1.31515832e-40]
27 ham [9.99999463e-01 5.37280011e-07]
28 ham [1.00000000e+00 3.36455695e-77]
29 ham [1.0000000e+00 3.6195073e-36]
30 ham [1.00000000e+00 3.29045549e-28]
31 spam [8.32695503e-17 1.00000000e+00]
32 ham [1.00000000e+00 2.29186323e-47]
33 ham [1.00000000e+00 3.38133541e-14]
34 spam [3.04508023e-48 1.00000000e+00]
35 ham [1.00000000e+00 2.43210168e-26]
36 ham [1.00000000e+00 1.56905618e-59]
37 ham [1.00000000e+00 2.03268663e-45]
38 ham [1.00000000e+00 2.36145322e-43]
39 ham [1.0000000e+00 1.6405704e-37]
40 ham [1.00000000e+00 3.89498843e-46]
41 ham [1.00000000e+00 9.27833477e-51]
42 spam [6.35199585e-68 1.00000000e+00]
43 ham [1.00000000e+00 2.11136668e-34]
44 ham [1.00000000e+00 1.34733179e-58]
45 ham [1.00000000e+00 4.83252862e-47]
46 ham [1.00000000e+00 2.25562516e-32]
47 ham [1.00000000e+00 2.38271063e-36]
48 ham [1.00000000e+00 7.21276767e-46]
49 ham [1.0000000e+00 1.2909694e-13]
50 ham [1.00000000e+00 4.59265868e-44]
51 ham [1.00000000e+00 8.12287437e-43]
52 ham [1.00000000e+00 6.71431047e-23]
53 ham [1.00000000e+00 1.97078577e-13]
54 spam [3.24344555e-49 1.00000000e+00]
55 ham [1.00000000e+00 3.32848464e-35]
56 spam [3.52342651e-168 1.00000000e+000]
57 ham [1.00000000e+00 3.46301808e-73]
58 ham [1.00000000e+00 8.93200223e-46]
59 ham [1.00000000e+00 2.02566879e-29]
60 ham [1.00000000e+00 5.70208018e-27]
61 ham [1.0000000e+00 4.7779814e-28]
62 ham [1.00000000e+00 2.79271521e-37]
63 ham [1.00000000e+00 3.86811342e-54]
64 ham [1.0000000e+00 7.3776417e-37]
65 spam [5.5963627e-45 1.0000000e+00]
66 ham [1.00000000e+00 3.31708075e-21]
67 spam [3.23768824e-80 1.00000000e+00]
68 ham [1.00000000e+00 1.76957962e-26]
69 ham [1.0000000e+00 1.6453772e-38]
70 ham [1.00000000e+00 7.54527674e-42]
71 ham [1.00000000e+00 1.72572194e-43]
72 ham [1.00000000e+00 4.56060986e-10]
73 ham [1.00000000e+00 2.22369878e-50]
74 ham [1.00000000e+00 3.46008699e-46]
75 ham [1.00000000e+00 5.63792724e-34]
76 ham [1.00000000e+00 1.14438192e-57]
77 ham [1.00000000e+00 1.64852238e-41]
78 ham [1.00000000e+00 2.68579206e-58]
79 ham [1.00000000e+00 3.21426271e-42]
80 ham [1.00000000e+00 2.70262068e-75]
81 ham [1.00000000e+00 3.27509021e-49]
82 ham [1.0000000e+00 9.8287146e-59]
83 ham [1.00000000e+00 2.35257991e-58]
84 ham [1.0000000e+00 1.7757019e-37]
85 ham [1.00000000e+00 5.21782023e-34]
86 ham [1.00000000e+00 4.53670975e-21]
87 ham [9.99999999e-01 7.87056711e-10]
88 ham [1.00000000e+00 5.79509021e-44]
89 ham [1.00000000e+00 7.28088813e-30]
90 ham [1.00000000e+00 8.67258576e-26]
91 ham [1.00000000e+00 1.63204909e-15]
92 spam [4.05059971e-15 1.00000000e+00]
93 spam [1.53648733e-131 1.00000000e+000]
94 ham [1.00000000e+00 2.89233703e-25]
95 spam [3.28424379e-56 1.00000000e+00]
96 ham [1.00000000e+00 6.26014543e-39]
97 ham [1.00000000e+00 1.86476183e-38]
98 ham [0.92096329 0.07903671]
99 ham [1.00000000e+00 5.65598378e-45]
100 ham [1.00000000e+00 3.37821185e-37]
101 ham [1.00000000e+00 1.59212213e-15]
102 ham [1.00000000e+00 1.58306084e-34]
103 ham [1.00000000e+00 8.06335006e-65]
104 spam [2.15739142e-04 9.99784261e-01]
105 ham [1.00000000e+00 5.77034987e-38]
106 ham [1.00000000e+00 6.53204013e-20]
107 ham [1.00000000e+00 6.89963909e-50]
108 ham [1.00000000e+00 4.80144485e-27]
109 ham [1.00000000e+00 4.00432413e-19]
110 ham [1.0000000e+00 3.1592157e-50]
111 ham [1.00000000e+00 1.71718355e-32]
112 ham [1.00000000e+00 1.12827681e-36]
113 ham [1.00000000e+00 1.21546453e-32]
114 spam [4.65793137e-177 1.00000000e+000]
115 ham [1.00000000e+00 1.83285996e-17]
116 ham [1.00000000e+00 1.73243391e-88]
117 spam [1.3843537e-148 1.0000000e+000]
118 ham [9.99997520e-01 2.48002015e-06]
119 ham [1.00000000e+00 2.31242027e-36]
120 spam [7.13504076e-83 1.00000000e+00]
121 spam [1.42741091e-105 1.00000000e+000]
122 ham [1.00000000e+00 8.06578148e-34]
123 spam [2.27561398e-72 1.00000000e+00]
124 ham [1.00000000e+00 1.29748878e-39]
125 ham [1.0000000e+00 1.2629142e-42]
126 ham [1.00000000e+00 6.88343532e-45]
127 ham [9.99999999e-01 5.52459626e-10]
128 ham [1.00000000e+00 8.25559391e-51]
129 spam [6.48837083e-45 1.00000000e+00]
130 ham [1.00000000e+00 2.68379558e-48]
131 ham [1.00000000e+00 4.72296096e-58]
132 ham [1.00000000e+00 1.49156029e-32]
133 ham [1.00000000e+00 8.29021211e-40]
134 spam [8.87361338e-27 1.00000000e+00]
135 spam [9.10821878e-108 1.00000000e+000]
136 ham [1.00000000e+00 2.96895899e-25]
137 ham [1.00000000e+00 7.74540349e-45]
138 ham [1.00000000e+00 1.43434473e-39]
139 spam [8.9141091e-46 1.0000000e+00]
140 ham [1.00000000e+00 1.96540441e-37]
141 ham [1.00000000e+00 2.98187861e-55]
142 ham [1.00000000e+00 2.10599774e-37]
143 spam [9.88338993e-04 9.99011661e-01]
144 ham [1.00000000e+00 1.13111032e-48]
145 ham [1.0000000e+00 1.0851377e-38]
146 ham [1.00000000e+00 8.38822733e-26]
147 spam [2.06215667e-29 1.00000000e+00]
148 ham [1.00000000e+00 3.69368597e-19]
149 ham [1.00000000e+00 1.97440802e-41]
150 ham [1.00000000e+00 2.16583362e-46]
151 ham [1.0000000e+00 2.5965877e-49]
152 ham [1.00000000e+00 2.94814503e-37]
153 ham [1.00000000e+00 1.29601794e-41]
154 ham [1.00000000e+00 8.06335006e-65]
155 spam [6.54756207e-47 1.00000000e+00]
156 ham [1.00000000e+00 1.47457781e-42]
157 ham [1.00000000e+00 7.17098912e-52]
158 ham [1.00000000e+00 1.32403358e-41]
159 spam [5.51605715e-22 1.00000000e+00]
160 spam [2.54659838e-138 1.00000000e+000]
161 ham [1.00000000e+00 1.00447549e-53]
162 ham [1.00000000e+00 2.02392966e-24]
163 ham [1.00000000e+00 2.26859544e-40]
164 spam [4.71909747e-98 1.00000000e+00]
165 spam [1.03839539e-28 1.00000000e+00]
166 ham [1.0000000e+00 2.6901785e-28]
167 spam [1.00269629e-136 1.00000000e+000]
168 ham [1.00000e+00 1.81468e-20]
169 ham [1.00000000e+00 1.31674615e-28]
170 ham [1.00000000e+00 3.28691428e-30]
171 ham [1.00000000e+00 4.07312385e-40]
172 ham [1.00000000e+00 3.07292832e-29]
173 ham [1.00000000e+00 5.51629155e-52]
174 ham [1.00000000e+00 4.15734042e-12]
175 ham [1.00000000e+00 7.48073758e-69]
176 ham [1.00000000e+00 4.08595961e-55]
177 ham [1.00000000e+00 8.72473081e-43]
178 ham [1.00000000e+00 5.17365595e-52]
179 ham [1.00000000e+00 2.49917677e-35]
180 spam [5.48894516e-15 1.00000000e+00]
181 ham [1.00000000e+00 3.02571766e-18]
182 ham [1.00000000e+00 1.31455947e-42]
183 ham [1.00000000e+00 4.83260262e-63]
184 ham [1.00000000e+00 9.90658812e-43]
185 ham [1.0000000e+00 2.6182993e-40]
186 ham [1.00000000e+00 1.78661821e-13]
187 ham [1.00000000e+00 5.02658194e-48]
188 spam [2.58478971e-134 1.00000000e+000]
189 ham [1.00000000e+00 1.96231202e-40]
190 ham [1.0000000e+00 1.2171318e-38]
191 ham [9.99999148e-01 8.52324210e-07]
192 ham [1.0000000e+00 2.9040973e-30]
193 ham [1.00000000e+00 8.67355517e-35]
194 ham [9.99967239e-01 3.27614758e-05]
195 ham [1.00000000e+00 1.74317415e-46]
196 ham [1.00000000e+00 3.25772351e-50]
197 ham [1.00000000e+00 4.86713596e-58]
198 ham [1.00000000e+00 1.04236685e-13]
199 ham [1.00000000e+00 4.06800118e-35]
200 ham [1.00000000e+00 8.64947909e-58]
201 ham [1.00000000e+00 1.87413167e-62]
202 ham [1.00000000e+00 8.01217977e-28]
203 ham [1.00000000e+00 2.86752762e-15]
204 ham [1.0000000e+00 1.8445385e-37]
205 ham [1.00000000e+00 2.49496411e-40]
206 ham [1.00000000e+00 2.97876705e-33]
207 ham [1.00000000e+00 1.18905586e-88]
208 ham [1.00000000e+00 3.14141219e-38]
209 ham [1.00000000e+00 3.51396805e-33]
210 ham [1.00000000e+00 3.33281371e-39]
211 ham [1.00000000e+00 8.52973776e-45]
212 ham [1.00000000e+00 7.73763526e-43]
213 ham [1.00000000e+00 4.59695207e-46]
214 ham [1.00000000e+00 3.11457049e-46]
215 ham [1.00000000e+00 2.34757267e-48]
216 ham [1.00000000e+00 4.58216818e-24]
217 ham [1.00000000e+00 6.48802682e-34]
218 ham [1.00000000e+00 1.25520891e-34]
219 ham [1.00000000e+00 8.19121065e-47]
220 ham [1.00000000e+00 1.79247015e-40]
221 ham [1.00000000e+00 7.56556126e-50]
222 spam [1.66341470e-09 9.99999998e-01]
223 ham [1.00000000e+00 8.00710382e-77]
224 ham [1.00000000e+00 1.36860381e-11]
225 spam [5.93780773e-80 1.00000000e+00]
226 ham [1.00000000e+00 3.67219479e-49]
227 spam [4.07801935e-34 1.00000000e+00]
228 ham [1.00000000e+00 2.37109934e-33]
229 ham [0.80451636 0.19548364]
230 ham [1.00000000e+00 1.62877488e-45]
231 ham [1.00000000e+00 4.84424504e-17]
232 ham [1.00000000e+00 2.31598829e-37]
233 ham [1.00000000e+00 9.15661188e-52]
234 ham [1.0000000e+00 1.2390086e-39]
235 spam [5.76588652e-53 1.00000000e+00]
236 ham [1.00000000e+00 4.70243364e-60]
237 ham [1.0000000e+00 2.1021391e-32]
238 ham [1.0000000e+00 5.0705607e-47]
239 ham [1.00000000e+00 1.70451208e-14]
240 spam [5.38270185e-21 1.00000000e+00]
241 ham [1.00000000e+00 1.03366779e-35]
242 ham [1.00000000e+00 4.73537812e-25]
243 ham [1.00000000e+00 1.06457626e-17]
244 ham [1.00000000e+00 3.10684664e-30]
245 ham [1.00000000e+00 2.22376663e-41]
246 ham [1.00000000e+00 2.90110686e-42]
247 ham [1.00000000e+00 2.02214457e-31]
248 ham [1.00000000e+00 1.79754435e-26]
249 ham [1.00000000e+00 1.54316402e-21]
250 spam [2.18646729e-169 1.00000000e+000]
251 ham [1.00000000e+00 1.07028862e-27]
252 spam [3.76809271e-04 9.99623191e-01]
253 ham [1.00000000e+00 1.47039947e-59]
254 spam [4.9543436e-25 1.0000000e+00]
255 ham [1.00000000e+00 6.05383371e-64]
256 ham [1.00000000e+00 5.75605472e-36]
257 ham [1.00000000e+00 2.07630515e-33]
258 ham [1.00000000e+00 3.54047229e-59]
259 spam [1.86342572e-98 1.00000000e+00]
260 ham [1.00000000e+00 3.44442016e-34]
261 ham [1.00000000e+00 2.09458346e-48]
262 ham [1.00000000e+00 2.72395277e-45]
263 ham [9.99999872e-01 1.28459351e-07]
264 spam [6.66978635e-26 1.00000000e+00]
265 ham [1.00000000e+00 1.07996682e-41]
266 ham [1.00000000e+00 2.29368871e-31]
267 ham [1.00000000e+00 2.09550932e-37]
268 spam [3.96565422e-124 1.00000000e+000]
269 ham [1.00000000e+00 3.87366456e-33]
270 spam [7.49175426e-41 1.00000000e+00]
271 ham [1.0000000e+00 1.0076801e-20]
272 spam [0.0238361 0.9761639]
273 spam [1.15565449e-60 1.00000000e+00]
274 ham [1.00000000e+00 1.95956649e-45]
275 ham [1.00000000e+00 5.09833712e-37]
276 ham [1.00000000e+00 5.35454179e-47]
277 ham [1.00000000e+00 1.86930492e-29]
278 ham [1.00000000e+00 2.81588231e-66]
279 ham [1.00000000e+00 9.92751762e-45]
280 ham [1.0000000e+00 8.2878593e-25]
281 ham [1.00000000e+00 9.92662321e-38]
282 ham [1.00000000e+00 7.36339814e-14]
283 ham [1.00000000e+00 2.18184825e-46]
284 ham [1.00000000e+00 1.83660783e-44]
285 ham [1.00000000e+00 9.28079324e-43]
286 ham [1.00000000e+00 1.19120005e-43]
287 ham [1.00000000e+00 3.48141571e-49]
288 ham [0.99872738 0.00127262]
289 ham [1.00000000e+00 8.33530981e-19]
290 spam [0.04881792 0.95118208]
291 ham [1.00000000e+00 6.55900426e-31]
292 ham [1.00000000e+00 1.22264618e-28]
293 ham [1.00000000e+00 2.51223223e-44]
294 ham [1.00000000e+00 5.80536002e-46]
295 ham [1.00000000e+00 9.43566445e-29]
296 spam [6.51172496e-145 1.00000000e+000]
297 ham [1.00000000e+00 1.12613857e-26]
298 ham [1.00000000e+00 5.39247193e-17]
299 ham [1.0000000e+00 4.4131942e-33]
300 ham [1.00000000e+00 2.62279263e-49]
301 ham [1.00000000e+00 3.59720762e-25]
302 spam [5.76684473e-06 9.99994233e-01]
303 ham [1.00000000e+00 8.34708201e-18]
304 ham [1.00000000e+00 4.20211826e-46]
305 spam [2.74994945e-77 1.00000000e+00]
306 ham [1.00000000e+00 9.02517999e-46]
307 ham [1.00000000e+00 4.16458597e-44]
308 ham [1.00000000e+00 5.78384618e-21]
309 spam [8.93641317e-39 1.00000000e+00]
310 ham [1.0000000e+00 5.7733501e-28]
311 spam [5.55305132e-18 1.00000000e+00]
312 spam [5.17093991e-72 1.00000000e+00]
313 ham [1.00000000e+00 7.32183524e-60]
314 ham [9.99999970e-01 2.96823681e-08]
315 ham [1.00000000e+00 1.59973297e-54]
316 ham [1.00000000e+00 3.35317144e-39]
317 ham [1.00000000e+00 2.58866038e-14]
318 ham [1.00000000e+00 9.46689809e-47]
319 spam [2.44661293e-113 1.00000000e+000]
320 ham [1.00000000e+00 2.93344756e-46]
321 ham [1.00000000e+00 7.97946224e-38]
322 ham [1.00000000e+00 5.41527791e-37]
323 spam [1.23836357e-04 9.99876164e-01]
324 ham [1.00000000e+00 7.13165006e-14]
325 ham [1.00000000e+00 2.75107547e-57]
326 ham [1.00000000e+00 5.40445584e-47]
327 ham [1.00000000e+00 4.56974174e-41]
328 ham [1.00000000e+00 1.85640453e-40]
329 ham [1.00000000e+00 5.30845021e-51]
330 ham [1.00000000e+00 2.49910577e-40]
331 ham [1.0000000e+00 1.3756183e-39]
332 ham [1.00000000e+00 1.79725732e-30]
333 spam [3.53775669e-36 1.00000000e+00]
334 spam [1.52879535e-60 1.00000000e+00]
335 spam [6.14448359e-58 1.00000000e+00]
336 ham [1.00000000e+00 3.24497909e-39]
337 ham [1.00000000e+00 9.59416265e-36]
338 ham [1.00000000e+00 1.13609141e-42]
339 ham [1.00000000e+00 6.96266528e-75]
340 ham [1.00000000e+00 1.73268977e-26]
341 ham [1.00000000e+00 4.42325024e-50]
342 spam [5.58433582e-07 9.99999442e-01]
343 ham [1.00000000e+00 1.20899366e-38]
344 ham [1.00000000e+00 2.36334022e-43]
345 ham [1.00000000e+00 1.83900309e-32]
346 ham [1.0000000e+00 1.5314925e-53]
347 ham [1.00000000e+00 3.73406571e-15]
348 ham [1.0000000e+00 1.9738167e-32]
349 spam [1.09120587e-40 1.00000000e+00]
350 ham [1.00000000e+00 2.75431491e-39]
351 ham [1.00000000e+00 6.74178257e-56]
352 ham [1.00000000e+00 1.05990629e-61]
353 ham [1.00000000e+00 4.85987796e-16]
354 spam [0.07769282 0.92230718]
355 ham [1.00000000e+00 2.34371292e-50]
356 spam [2.39990213e-38 1.00000000e+00]
357 spam [9.33109086e-168 1.00000000e+000]
358 spam [1.32883211e-81 1.00000000e+00]
359 ham [1.00000000e+00 5.95172744e-32]
360 ham [1.00000000e+00 1.04879236e-25]
361 ham [1.00000000e+00 1.83120775e-29]
362 ham [1.00000000e+00 2.71385874e-46]
363 ham [1.00000000e+00 9.98424995e-36]
364 ham [1.00000000e+00 1.69676775e-26]
365 ham [1.00000000e+00 1.08600319e-37]
366 ham [1.00000000e+00 1.58955254e-49]
367 spam [3.82381139e-81 1.00000000e+00]
368 spam [7.48731339e-45 1.00000000e+00]
369 ham [1.00000000e+00 1.55590843e-39]
370 ham [1.0000000e+00 3.8696969e-55]
371 ham [1.00000000e+00 1.02949085e-59]
372 ham [1.00000000e+00 1.41792169e-49]
373 ham [1.00000000e+00 6.64473087e-70]
374 ham [1.00000000e+00 2.41484777e-35]
375 spam [8.74297327e-42 1.00000000e+00]
376 ham [1.000000e+00 2.652136e-46]
377 ham [1.00000000e+00 2.11858655e-31]
378 ham [0.92291383 0.07708617]
379 ham [1.00000000e+00 1.87715894e-38]
380 ham [1.00000000e+00 2.39337408e-10]
381 ham [1.00000000e+00 1.07251571e-13]
382 ham [1.0000000e+00 5.5291683e-36]
383 ham [1.00000000e+00 5.59892457e-42]
384 ham [1.00000000e+00 1.26267131e-43]
385 spam [6.84677432e-65 1.00000000e+00]
386 ham [1.00000000e+00 6.05543021e-36]
387 ham [1.00000000e+00 4.09878857e-42]
388 ham [1.00000000e+00 1.94821155e-49]
389 spam [1.18865107e-138 1.00000000e+000]
390 ham [1.00000000e+00 3.67914966e-45]
391 ham [1.00000000e+00 7.85309581e-45]
392 ham [1.00000000e+00 2.72157717e-19]
393 ham [1.000000e+00 3.030531e-51]
394 ham [1.00000000e+00 1.68164885e-35]
395 ham [1.0000000e+00 9.1236107e-34]
396 ham [0.8783306 0.1216694]
397 ham [9.99999998e-01 1.74463925e-09]
398 spam [2.13037311e-06 9.99997870e-01]
399 spam [5.45648207e-35 1.00000000e+00]
400 ham [1.00000000e+00 8.76800307e-19]
401 spam [2.08711252e-82 1.00000000e+00]
402 ham [1.00000000e+00 8.48694473e-45]
403 ham [1.00000000e+00 3.43592433e-29]
404 ham [1.0000000e+00 9.1921954e-49]
405 ham [1.00000000e+00 5.60316125e-54]
406 ham [1.00000000e+00 3.62386454e-38]
407 ham [9.99996073e-01 3.92659492e-06]
408 ham [1.00000000e+00 1.92842996e-36]
409 ham [1.0000000e+00 1.2413875e-41]
410 spam [7.93859095e-28 1.00000000e+00]
411 ham [1.00000000e+00 9.37114594e-25]
412 ham [1.00000000e+00 2.36688453e-47]
413 ham [1.00000000e+00 4.79557328e-29]
414 ham [1.00000000e+00 4.51259329e-42]
415 ham [1.00000000e+00 2.20988101e-20]
416 ham [1.00000000e+00 6.93347943e-45]
417 ham [1.00000000e+00 7.42221673e-39]
418 spam [3.89809874e-68 1.00000000e+00]
419 ham [1.00000000e+00 1.67857885e-49]
420 spam [1.45190869e-74 1.00000000e+00]
421 ham [1.00000000e+00 6.06126777e-48]
422 spam [3.72625791e-60 1.00000000e+00]
423 ham [1.00000000e+00 1.41304595e-28]
424 spam [2.70527208e-94 1.00000000e+00]
425 spam [8.50291265e-18 1.00000000e+00]
426 ham [1.00000000e+00 1.89944293e-61]
427 ham [1.00000000e+00 5.17734726e-49]
428 ham [1.00000000e+00 3.58998266e-31]
429 ham [1.00000000e+00 4.15365941e-35]
430 ham [1.00000000e+00 3.84124949e-18]
431 ham [1.00000000e+00 1.74800723e-47]
432 ham [1.00000000e+00 7.71526041e-16]
433 spam [7.38231583e-88 1.00000000e+00]
434 ham [1.00000000e+00 6.12771535e-37]
435 ham [1.00000000e+00 6.29384853e-63]
436 ham [1.00000000e+00 4.57824456e-63]
437 ham [1.00000000e+00 1.28200265e-36]
438 ham [1.00000000e+00 2.32092564e-42]
439 ham [1.00000000e+00 6.37489298e-18]
440 ham [1.00000000e+00 5.86404664e-49]
441 ham [1.00000000e+00 6.13318227e-32]
442 ham [1.00000000e+00 5.88522969e-40]
443 ham [1.00000000e+00 1.97053269e-40]
444 ham [1.00000000e+00 9.36951251e-75]
445 spam [1.85244853e-06 9.99998148e-01]
446 ham [1.0000000e+00 4.3333245e-48]
447 ham [1.00000000e+00 6.37911988e-29]
448 ham [1.00000000e+00 4.05816625e-37]
449 ham [1.00000000e+00 5.09451452e-35]
450 ham [1.00000000e+00 6.55902056e-45]
451 ham [1.00000000e+00 5.79625495e-39]
452 ham [1.00000000e+00 1.11800477e-55]
453 ham [1.00000000e+00 3.32137936e-27]
454 ham [1.00000000e+00 9.15863629e-30]
455 spam [5.2520349e-36 1.0000000e+00]
456 ham [1.00000000e+00 9.45724965e-30]
457 spam [3.39246519e-27 1.00000000e+00]
458 ham [1.00000000e+00 2.44399506e-16]
459 ham [1.00000000e+00 4.24657562e-24]
460 ham [1.00000000e+00 6.46953324e-14]
461 ham [1.00000000e+00 7.23601024e-33]
462 ham [1.00000000e+00 3.54304026e-23]
463 spam [2.44287587e-151 1.00000000e+000]
464 ham [1.00000000e+00 9.00557969e-71]
465 ham [1.00000000e+00 2.59634137e-56]
466 ham [1.00000e+00 6.91075e-33]
467 ham [1.00000000e+00 2.67462212e-23]
468 ham [1.00000000e+00 3.66456728e-42]
469 ham [1.00000000e+00 1.27724186e-45]
470 ham [1.00000000e+00 1.23084048e-33]
471 spam [4.3916707e-71 1.0000000e+00]
472 ham [1.00000000e+00 3.92983431e-34]
473 spam [6.93212701e-04 9.99306787e-01]
474 spam [1.37186812e-104 1.00000000e+000]
475 ham [9.99999275e-01 7.25408053e-07]
476 ham [1.00000000e+00 2.82621847e-47]
477 ham [1.00000000e+00 2.56536885e-43]
478 ham [1.00000000e+00 2.75522201e-38]
479 ham [1.0000000e+00 2.4036328e-55]
480 ham [1.00000000e+00 1.96246441e-30]
481 ham [1.00000000e+00 5.37730198e-44]
482 ham [1.0000000e+00 5.8210488e-35]
483 ham [1.00000000e+00 1.61539952e-47]
484 ham [1.00000000e+00 2.29029795e-39]
485 ham [1.00000000e+00 5.17863728e-23]
486 ham [1.00000000e+00 4.72618619e-34]
487 spam [5.90906352e-50 1.00000000e+00]
488 ham [1.00000000e+00 8.67085587e-40]
489 ham [1.00000000e+00 2.16435831e-10]
490 ham [1.00000000e+00 1.13766486e-48]
491 ham [1.00000000e+00 1.53755173e-23]
492 spam [2.18996501e-164 1.00000000e+000]
493 ham [1.00000000e+00 8.25425813e-68]
494 ham [1.00000000e+00 1.46487708e-64]
495 ham [1.00000000e+00 2.46351887e-38]
496 ham [1.00000000e+00 7.95083195e-44]
497 ham [1.00000000e+00 1.75226875e-29]
498 ham [1.00000000e+00 1.05848199e-25]
499 ham [1.00000000e+00 1.19383326e-34]
500 ham [1.00000000e+00 2.06655619e-48]
501 spam [5.6903089e-21 1.0000000e+00]
502 ham [1.00000000e+00 1.97442014e-46]
503 ham [1.00000000e+00 7.94961631e-37]
504 ham [1.00000000e+00 4.64114602e-24]
505 spam [4.65012758e-97 1.00000000e+00]
506 ham [1.00000000e+00 3.50933665e-20]
507 ham [1.00000000e+00 1.60195769e-23]
508 ham [1.00000000e+00 2.76074755e-31]
509 ham [1.00000000e+00 1.03870236e-41]
510 spam [2.56380482e-19 1.00000000e+00]
511 ham [1.00000000e+00 1.59966827e-16]
512 ham [1.00000000e+00 6.32983365e-42]
513 ham [1.00000000e+00 7.90014691e-39]
514 ham [1.00000000e+00 2.43186624e-34]
515 spam [3.82970551e-120 1.00000000e+000]
516 ham [1.00000000e+00 1.01196065e-30]
517 spam [5.72740965e-76 1.00000000e+00]
518 spam [2.55344123e-21 1.00000000e+00]
519 ham [1.00000000e+00 3.27340214e-10]
520 ham [1.0000000e+00 1.2410031e-27]
521 ham [1.00000000e+00 2.02078374e-35]
522 ham [1.00000000e+00 1.16137019e-46]
523 ham [1.00000000e+00 5.94218399e-41]
524 ham [1.00000000e+00 3.96224738e-31]
525 spam [2.76598299e-105 1.00000000e+000]
526 ham [1.00000000e+00 7.87271477e-28]
527 spam [2.57912176e-68 1.00000000e+00]
528 ham [1.00000000e+00 3.60517621e-37]
529 spam [1.34371073e-23 1.00000000e+00]
530 ham [1.00000000e+00 1.84409584e-43]
531 spam [2.59113555e-118 1.00000000e+000]
532 ham [1.00000000e+00 2.75298474e-28]
533 ham [1.00000000e+00 5.95740133e-54]
534 ham [1.00000000e+00 1.52549594e-60]
535 ham [1.00000000e+00 4.21912359e-42]
536 ham [1.00000000e+00 3.34757571e-38]
537 ham [1.00000000e+00 3.55382191e-41]
538 ham [1.00000000e+00 3.54820351e-27]
539 ham [1.00000000e+00 2.23453545e-27]
540 ham [1.00000000e+00 9.32769264e-38]
541 spam [7.98396611e-53 1.00000000e+00]
542 spam [2.49206675e-13 1.00000000e+00]
543 ham [1.00000000e+00 6.56687124e-35]
544 ham [1.00000000e+00 2.26778564e-23]
545 ham [1.00000000e+00 2.28327431e-14]
546 ham [1.0000000e+00 3.1781476e-41]
547 ham [1.00000000e+00 4.31073614e-35]
548 ham [1.00000000e+00 5.47624752e-43]
549 ham [1.00000000e+00 1.47040719e-68]
550 ham [1.00000000e+00 2.59926965e-51]
551 spam [2.52441659e-52 1.00000000e+00]
552 ham [1.00000000e+00 1.29594301e-42]
553 ham [0.99587073 0.00412927]
554 ham [1.00000000e+00 6.67027111e-42]
555 spam [6.41395505e-06 9.99993586e-01]
556 ham [1.00000000e+00 8.87059416e-24]
557 ham [1.00000000e+00 2.42740323e-37]
558 ham [1.00000000e+00 4.62001617e-51]
559 ham [1.0000000e+00 1.3145859e-44]
560 ham [9.99992376e-01 7.62405552e-06]
561 ham [1.00000000e+00 7.06411355e-57]
562 ham [1.00000000e+00 2.28539253e-50]
563 ham [1.00000000e+00 4.55034592e-48]
564 spam [5.04064713e-173 1.00000000e+000]
565 ham [1.00000000e+00 9.10595521e-64]
566 ham [0.53161432 0.46838568]
567 ham [1.00000000e+00 2.04223081e-28]
568 ham [1.00000000e+00 1.31726423e-36]
569 ham [1.00000000e+00 4.19104807e-28]
570 ham [1.00000000e+00 4.76848899e-37]
571 ham [1.00000000e+00 5.21728505e-25]
572 ham [1.00000000e+00 4.33873855e-44]
573 ham [1.00000000e+00 2.91956239e-45]
574 ham [1.00000000e+00 7.36287598e-40]
575 ham [1.00000000e+00 9.96390048e-38]
576 spam [5.67484526e-64 1.00000000e+00]
577 ham [1.00000000e+00 1.42735008e-43]
578 ham [1.00000000e+00 2.99727432e-42]
579 spam [2.49734184e-20 1.00000000e+00]
580 ham [9.99987802e-01 1.21979999e-05]
581 ham [1.00000000e+00 6.83651371e-41]
582 ham [1.00000000e+00 1.09149499e-51]
583 spam [1.08278029e-85 1.00000000e+00]
584 ham [1.00000000e+00 6.30052726e-37]
585 ham [1.00000000e+00 1.20309899e-33]
586 ham [1.00000000e+00 1.00033596e-33]
587 ham [1.00000000e+00 5.23425793e-26]
588 ham [1.00000000e+00 3.47263501e-22]
589 ham [1.00000000e+00 2.05730823e-37]
590 ham [1.00000000e+00 8.52385833e-55]
591 spam [2.9405409e-87 1.0000000e+00]
592 spam [1.22681384e-112 1.00000000e+000]
593 spam [2.59703366e-104 1.00000000e+000]
594 ham [1.00000000e+00 5.20615894e-33]
595 spam [1.74180266e-27 1.00000000e+00]
596 ham [1.00000000e+00 8.41063853e-62]
597 ham [1.00000000e+00 9.87831022e-52]
598 spam [1.00719721e-11 1.00000000e+00]
599 ham [1.00000000e+00 3.31279839e-16]
600 ham [1.00000000e+00 2.50977015e-46]
601 spam [2.90198769e-10 1.00000000e+00]
602 ham [1.00000000e+00 3.56552627e-54]
603 ham [1.00000000e+00 7.39470547e-32]
604 ham [1.00000000e+00 1.88566114e-50]
605 ham [1.00000000e+00 3.54973124e-44]
606 ham [1.00000000e+00 7.86931946e-29]
607 spam [3.108516e-38 1.000000e+00]
608 ham [1.00000000e+00 1.63432329e-40]
609 ham [1.00000000e+00 1.24877629e-44]
610 ham [1.0000000e+00 8.6420598e-34]
611 spam [3.31396844e-51 1.00000000e+00]
612 spam [1.86163970e-06 9.99998138e-01]
613 ham [1.00000000e+00 4.97791237e-46]
614 spam [7.35167242e-31 1.00000000e+00]
615 ham [1.0000000e+00 1.3875393e-28]
616 ham [1.00000000e+00 3.82142378e-11]
617 ham [1.00000000e+00 1.00727539e-17]
618 ham [1.00000000e+00 2.09123127e-37]
619 ham [1.00000000e+00 1.09545865e-33]
620 ham [9.99999988e-01 1.21284374e-08]
621 ham [1.00000000e+00 4.83527637e-71]
622 ham [1.00000000e+00 1.54149518e-39]
623 spam [3.23091890e-07 9.99999677e-01]
624 ham [1.0000000e+00 2.9658666e-44]
625 ham [1.00000000e+00 1.54248968e-37]
626 ham [1.0000000e+00 2.7200039e-23]
627 ham [1.0000000e+00 4.8211584e-25]
628 ham [1.00000000e+00 3.35523733e-34]
629 spam [6.79368174e-48 1.00000000e+00]
630 spam [1.23192787e-62 1.00000000e+00]
631 ham [1.00000000e+00 2.74281471e-47]
632 ham [1.00000000e+00 2.78559744e-44]
633 ham [1.00000000e+00 1.05724225e-35]
634 ham [1.00000000e+00 7.56339079e-30]
635 spam [1.24032425e-112 1.00000000e+000]
636 ham [1.00000000e+00 2.13786517e-43]
637 ham [1.00000000e+00 1.02030044e-34]
638 ham [1.00000000e+00 2.27550544e-47]
639 ham [1.00000000e+00 2.72994481e-39]
640 ham [1.00000000e+00 8.72056007e-32]
641 ham [1.00000000e+00 5.46916626e-60]
642 ham [1.00000000e+00 4.79760918e-27]
643 ham [1.00000000e+00 6.06671005e-43]
644 ham [1.00000000e+00 1.23305056e-41]
645 spam [5.99886241e-04 9.99400114e-01]
646 ham [1.00000000e+00 1.11471335e-28]
647 ham [1.00000000e+00 2.81541088e-42]
648 spam [4.26629485e-103 1.00000000e+000]
649 ham [1.000000e+00 1.061986e-31]
650 spam [1.98555691e-121 1.00000000e+000]
651 ham [1.00000000e+00 1.38010821e-20]
652 ham [1.00000000e+00 3.99520906e-29]
653 ham [1.00000000e+00 2.08081862e-41]
654 ham [1.00000000e+00 8.09002798e-46]
655 ham [1.00000000e+00 1.61136343e-57]
656 ham [1.00000000e+00 1.41253206e-39]
657 spam [6.19265785e-11 1.00000000e+00]
658 ham [1.00000000e+00 6.08185861e-58]
659 ham [1.00000000e+00 1.68973888e-32]
660 ham [1.00000000e+00 6.00278059e-21]
661 spam [1.03691128e-30 1.00000000e+00]
662 ham [1.00000000e+00 8.00652944e-42]
663 ham [1.00000000e+00 3.83488938e-48]
664 ham [1.00000000e+00 1.37542465e-28]
665 ham [1.00000000e+00 1.23563788e-29]
666 ham [1.00000000e+00 4.93401919e-26]
667 ham [1.00000000e+00 2.62259432e-63]
668 ham [1.00000000e+00 1.87683574e-50]
669 ham [1.00000000e+00 9.69751676e-51]
670 ham [1.00000000e+00 2.66549812e-38]
671 ham [1.00000000e+00 6.58800587e-28]
672 spam [1.13195824e-44 1.00000000e+00]
673 spam [1.21693548e-82 1.00000000e+00]
674 ham [1.00000000e+00 1.06988125e-60]
675 ham [1.00000000e+00 2.82755608e-80]
676 ham [1.00000000e+00 1.08594367e-47]
677 ham [1.00000000e+00 8.82110961e-11]
678 ham [1.00000000e+00 1.35222799e-45]
679 ham [1.00000000e+00 8.96341665e-48]
680 ham [1.00000000e+00 1.20251906e-45]
681 ham [1.00000000e+00 3.33150294e-32]
682 ham [1.00000000e+00 9.02855448e-41]
683 ham [1.00000000e+00 1.93033264e-37]
684 spam [5.16089775e-08 9.99999948e-01]
685 ham [1.00000000e+00 5.23592169e-42]
686 ham [1.00000000e+00 1.43090275e-44]
687 spam [7.47419528e-05 9.99925258e-01]
688 spam [8.20910946e-16 1.00000000e+00]
689 ham [1.00000000e+00 3.54998196e-35]
690 ham [1.00000000e+00 2.66580869e-14]
691 ham [1.00000000e+00 3.46160271e-40]
692 ham [9.99999631e-01 3.68636683e-07]
693 ham [1.00000000e+00 3.86010362e-43]
694 ham [1.00000000e+00 4.18867447e-16]
695 ham [1.00000000e+00 1.13656645e-14]
696 ham [1.00000000e+00 1.64632839e-45]
697 ham [1.00000000e+00 3.40245377e-31]
698 ham [1.00000000e+00 1.38197382e-30]
699 ham [1.00000000e+00 7.95683982e-48]
700 ham [1.00000000e+00 1.31600599e-23]
701 ham [1.00000000e+00 2.65441933e-45]
702 ham [1.00000000e+00 1.72516028e-76]
703 ham [1.00000000e+00 1.13262001e-22]
704 ham [1.00000000e+00 1.81525072e-27]
705 ham [1.00000000e+00 4.77789211e-40]
706 ham [1.00000000e+00 2.68981146e-40]
707 ham [1.000000e+00 1.039458e-42]
708 ham [1.00000000e+00 2.48847635e-44]
709 spam [1.16888065e-67 1.00000000e+00]
710 spam [2.99199968e-173 1.00000000e+000]
711 spam [5.60464325e-64 1.00000000e+00]
712 ham [0.99834223 0.00165777]
713 ham [1.00000000e+00 1.75654892e-10]
714 ham [1.00000000e+00 5.35885779e-13]
715 ham [1.00000000e+00 9.85664452e-44]
716 ham [1.0000000e+00 2.0814561e-50]
717 spam [1.71790869e-93 1.00000000e+00]
718 ham [1.00000000e+00 3.87511985e-37]
719 spam [5.29588455e-144 1.00000000e+000]
720 ham [1.00000000e+00 2.74115736e-17]
721 ham [1.00000000e+00 3.41285399e-39]
722 ham [1.0000000e+00 1.7303494e-37]
723 ham [1.00000000e+00 1.66695433e-37]
724 ham [1.00000000e+00 4.67039002e-34]
725 spam [0.00174306 0.99825694]
726 ham [1.00000000e+00 5.86845001e-31]
727 ham [1.00000000e+00 2.95629934e-49]
728 ham [1.00000000e+00 1.23270698e-25]
729 ham [1.00000000e+00 3.27536155e-24]
730 ham [1.0000000e+00 8.8906141e-47]
731 spam [0.47924467 0.52075533]
732 ham [1.00000000e+00 5.43211177e-33]
733 ham [1.00000000e+00 2.38196454e-26]
734 ham [9.99970233e-01 2.97674355e-05]
735 ham [9.99899673e-01 1.00326586e-04]
736 ham [1.00000000e+00 7.35023169e-47]
737 ham [1.0000000e+00 1.1642653e-37]
738 spam [4.70956332e-112 1.00000000e+000]
739 ham [1.0000000e+00 2.0870439e-44]
740 spam [1.18782988e-06 9.99998812e-01]
741 ham [1.00000000e+00 1.13193152e-59]
742 ham [1.00000000e+00 8.67015196e-38]
743 ham [1.00000000e+00 5.83444861e-20]
744 ham [1.00000000e+00 3.30086649e-36]
745 ham [1.0000000e+00 3.7000894e-24]
746 ham [1.00000000e+00 6.22683515e-41]
747 ham [1.00000000e+00 1.47589069e-33]
748 spam [1.62282549e-22 1.00000000e+00]
749 ham [1.00000000e+00 2.65213706e-41]
