0 ham [1.00000000e+00 1.81718733e-19]
1 ham [1.00000000e+00 1.29141327e-13]
2 spam [8.88976375e-31 1.00000000e+00]
3 ham [1.0000000e+00 3.4910273e-26]
4 ham [1.00000000e+00 5.30110963e-24]
5 ham [1.0000000e+00 1.5721406e-14]
6 ham [1.000000e+00 4.957747e-11]
7 ham [9.99999996e-01 3.83546202e-09]
8 spam [1.88349402e-35 1.00000000e+00]
9 spam [9.19912131e-16 1.00000000e+00]
10 ham [1.00000000e+00 1.30839256e-25]
11 spam [5.15158964e-37 1.00000000e+00]
12 spam [6.59406054e-08 9.99999934e-01]
13 ham [1.00000000e+00 6.61911058e-14]
14 ham [1.00000000e+00 1.53133751e-12]
15 spam [1.12772401e-09 9.99999999e-01]
16 ham [1.00000000e+00 1.20696123e-22]
17 ham [1.00000000e+00 4.65698631e-22]
18 ham [1.00000000e+00 4.03248353e-18]
19 spam [1.64205363e-23 1.00000000e+00]
20 ham [1.00000000e+00 1.73072211e-17]
21 ham [9.99999990e-01 1.04773954e-08]
22 ham [1.00000000e+00 2.89185804e-15]
23 ham [1.00000000e+00 1.97471547e-26]
24 ham [1.00000000e+00 6.40283864e-14]
25 ham [9.99999288e-01 7.11527164e-07]
26 ham [1.00000000e+00 4.38537743e-16]
27 ham [1.00000000e+00 1.14344094e-13]
28 ham [1.00000000e+00 5.67241115e-27]
29 ham [1.00000000e+00 7.08817361e-20]
30 ham [1.00000000e+00 2.84423954e-19]
31 ham [1.00000000e+00 1.32720394e-23]
32 ham [1.00000000e+00 3.98397932e-18]
33 ham [9.99999769e-01 2.31371769e-07]
34 spam [2.22170782e-10 1.00000000e+00]
35 ham [1.00000000e+00 5.86560283e-25]
36 ham [1.000000e+00 1.257622e-17]
37 ham [1.00000000e+00 5.56876008e-14]
38 ham [1.00000000e+00 3.07616006e-16]
39 ham [1.00000000e+00 1.25856711e-16]
40 ham [1.00000000e+00 3.12597535e-15]
41 ham [1.00000000e+00 2.37425769e-24]
42 spam [4.20153645e-22 1.00000000e+00]
43 ham [1.00000000e+00 5.48256639e-13]
44 ham [1.00000000e+00 4.46038361e-19]
45 ham [1.00000000e+00 5.31664905e-13]
46 ham [1.00000000e+00 3.07351267e-12]
47 ham [1.00000000e+00 2.65282287e-14]
48 ham [1.00000000e+00 1.80628784e-22]
49 ham [9.99999997e-01 2.83268310e-09]
50 ham [1.00000000e+00 1.78474713e-22]
51 ham [1.00000000e+00 5.58525185e-17]
52 ham [1.00000000e+00 4.95083697e-10]
53 ham [1.00000000e+00 3.50660985e-32]
54 ham [0.99782425 0.00217575]
55 ham [1.0000000e+00 5.1499775e-18]
56 spam [4.79555459e-29 1.00000000e+00]
57 ham [1.00000000e+00 1.81130706e-16]
58 ham [1.00000000e+00 1.06321807e-14]
59 ham [9.99992307e-01 7.69257746e-06]
60 ham [1.00000000e+00 2.18765386e-17]
61 ham [1.00000000e+00 2.80702065e-13]
62 ham [1.00000000e+00 3.18676413e-12]
63 ham [1.00000000e+00 1.55612214e-22]
64 ham [1.00000000e+00 1.36462605e-31]
65 spam [1.48190476e-17 1.00000000e+00]
66 ham [1.0000000e+00 2.6569281e-10]
67 spam [2.08494951e-28 1.00000000e+00]
68 ham [1.00000000e+00 2.06906534e-17]
69 ham [1.00000000e+00 2.85736249e-12]
70 ham [1.00000000e+00 2.38965838e-18]
71 ham [1.00000000e+00 4.11343847e-15]
72 ham [1.00000000e+00 5.48256639e-13]
73 ham [1.0000000e+00 2.4052109e-17]
74 ham [1.00000000e+00 3.91214702e-14]
75 ham [1.00000000e+00 1.05773845e-12]
76 ham [1.00000000e+00 8.20495433e-15]
77 ham [1.00000000e+00 2.36429113e-19]
78 ham [1.00000000e+00 1.44524682e-18]
79 ham [1.00000000e+00 7.44216984e-19]
80 ham [1.00000000e+00 7.05825634e-15]
81 ham [1.00000000e+00 2.54067013e-14]
82 ham [1.00000000e+00 9.56388288e-18]
83 ham [1.00000000e+00 4.55818359e-20]
84 ham [9.99999939e-01 6.12764651e-08]
85 ham [1.00000000e+00 1.04279945e-11]
86 ham [1.00000000e+00 3.06801989e-20]
87 ham [9.99999989e-01 1.12266883e-08]
88 ham [1.00000000e+00 2.10149549e-16]
89 ham [1.00000000e+00 1.40887501e-10]
90 ham [1.00000000e+00 1.22671024e-15]
91 ham [1.0000000e+00 8.6343879e-31]
92 ham [1.00000000e+00 1.03235344e-11]
93 spam [3.95190104e-42 1.00000000e+00]
94 ham [1.00000000e+00 2.21677226e-19]
95 spam [2.61408435e-10 1.00000000e+00]
96 ham [1.00000000e+00 2.01656352e-13]
97 ham [1.00000000e+00 8.81328573e-18]
98 ham [1.00000000e+00 5.59263262e-18]
99 ham [1.00000000e+00 1.42771676e-11]
100 ham [1.0000000e+00 5.7326905e-14]
101 ham [9.99999916e-01 8.44741488e-08]
102 ham [1.00000000e+00 2.30378787e-13]
103 ham [9.99999136e-01 8.63579110e-07]
104 ham [1.00000000e+00 5.75570591e-16]
105 ham [1.0000000e+00 1.5858293e-15]
106 ham [9.99999708e-01 2.91991395e-07]
107 ham [1.00000000e+00 9.25176587e-13]
108 ham [1.00000000e+00 1.44963045e-10]
109 ham [1.00000000e+00 1.11392124e-18]
110 ham [1.00000000e+00 2.21729775e-17]
111 ham [9.99999900e-01 1.00394403e-07]
112 ham [1.0000000e+00 7.2396194e-13]
113 ham [1.00000000e+00 2.83162453e-26]
114 spam [1.4320565e-28 1.0000000e+00]
115 ham [1.00000000e+00 2.41257527e-13]
116 ham [1.00000000e+00 9.91339769e-21]
117 spam [8.3743063e-55 1.0000000e+00]
118 spam [8.97108266e-05 9.99910289e-01]
119 ham [1.00000000e+00 5.23070702e-19]
120 spam [3.00929309e-09 9.99999997e-01]
121 spam [1.05888047e-17 1.00000000e+00]
122 ham [1.00000000e+00 7.01845854e-14]
123 spam [1.35623135e-35 1.00000000e+00]
124 ham [1.00000000e+00 8.34891955e-11]
125 ham [1.00000000e+00 2.77935699e-18]
126 ham [1.00000000e+00 1.78076093e-15]
127 ham [1.00000000e+00 2.26589524e-25]
128 ham [1.00000000e+00 1.80224997e-18]
129 ham [1.00000000e+00 1.59200698e-11]
130 ham [1.00000000e+00 3.83100799e-19]
131 ham [1.00000000e+00 1.08192991e-16]
132 ham [1.00000000e+00 1.04534481e-10]
133 ham [1.00000000e+00 3.08695974e-11]
134 ham [0.95049486 0.04950514]
135 spam [2.3297375e-20 1.0000000e+00]
136 ham [0.72930292 0.27069708]
137 ham [1.0000000e+00 2.3667182e-15]
138 ham [1.00000000e+00 2.00608761e-10]
139 spam [2.54823471e-04 9.99745177e-01]
140 ham [1.00000000e+00 3.52385746e-25]
141 ham [1.00000000e+00 1.56176921e-12]
142 ham [1.00000000e+00 1.23436201e-10]
143 ham [1.00000000e+00 3.74731862e-13]
144 ham [1.00000000e+00 2.39325679e-17]
145 ham [1.00000000e+00 9.35254929e-14]
146 ham [1.00000000e+00 1.93838614e-10]
147 spam [6.87787026e-07 9.99999312e-01]
148 ham [1.00000000e+00 2.79271595e-14]
149 ham [1.00000000e+00 9.64890351e-17]
150 ham [1.00000000e+00 9.49603552e-19]
151 ham [1.00000000e+00 1.75164701e-15]
152 ham [1.0000000e+00 3.7062464e-19]
153 ham [1.00000000e+00 6.11752135e-11]
154 ham [9.99999136e-01 8.63579110e-07]
155 ham [1.00000000e+00 1.95943938e-23]
156 ham [1.00000000e+00 3.12179046e-14]
157 ham [1.00000000e+00 9.75928333e-14]
158 ham [1.0000000e+00 1.4773725e-26]
159 spam [1.34778281e-04 9.99865222e-01]
160 spam [5.00565631e-44 1.00000000e+00]
161 ham [1.0000000e+00 5.6082808e-21]
162 ham [1.00000000e+00 5.14049617e-16]
163 ham [1.00000000e+00 1.26040039e-20]
164 spam [1.2198394e-10 1.0000000e+00]
165 spam [7.42446684e-09 9.99999993e-01]
166 ham [9.99999997e-01 2.93886429e-09]
167 spam [1.63044245e-22 1.00000000e+00]
168 ham [9.99999998e-01 2.47329966e-09]
169 ham [1.00000000e+00 3.90880259e-12]
170 ham [1.00000000e+00 5.78209542e-12]
171 ham [1.0000000e+00 8.5574243e-19]
172 ham [1.00000000e+00 2.30147689e-24]
173 ham [1.00000000e+00 4.18448755e-21]
174 ham [1.00000000e+00 1.23684592e-13]
175 ham [1.00000000e+00 7.62382945e-30]
176 ham [1.00000000e+00 3.80367082e-25]
177 ham [1.00000000e+00 7.92551322e-16]
178 ham [1.0000000e+00 4.8622519e-31]
179 ham [1.00000000e+00 1.02942695e-24]
180 ham [1.00000000e+00 4.88074166e-10]
181 ham [1.00000000e+00 2.55021939e-10]
182 ham [1.00000000e+00 2.67390106e-15]
183 ham [1.00000000e+00 6.57189322e-14]
184 ham [1.00000000e+00 1.84942859e-12]
185 ham [1.00000000e+00 6.95472009e-15]
186 ham [1.00000000e+00 9.15244539e-15]
187 ham [1.00000000e+00 2.55565115e-12]
188 spam [1.63161925e-40 1.00000000e+00]
189 ham [1.0000000e+00 1.1272915e-25]
190 ham [1.0000000e+00 6.7275959e-24]
191 ham [0.88855746 0.11144254]
192 ham [1.00000000e+00 1.37795446e-23]
193 ham [1.00000000e+00 8.93718392e-15]
194 ham [0.51304159 0.48695841]
195 ham [1.00000000e+00 5.73431778e-13]
196 ham [1.00000000e+00 1.59081258e-14]
197 ham [1.00000000e+00 2.37283612e-20]
198 ham [9.99999868e-01 1.32242560e-07]
199 ham [1.0000000e+00 7.4198505e-27]
200 ham [1.00000000e+00 4.44255958e-23]
201 ham [1.00000000e+00 4.21010082e-20]
202 ham [1.00000000e+00 9.88320117e-17]
203 ham [1.00000000e+00 3.14592234e-17]
204 ham [1.00000000e+00 8.75007451e-12]
205 ham [1.00000000e+00 3.86001912e-10]
206 ham [1.0000000e+00 1.6910332e-16]
207 ham [1.00000000e+00 4.56475627e-22]
208 ham [1.00000000e+00 1.75474412e-11]
209 ham [1.00000000e+00 8.78818231e-14]
210 ham [1.0000000e+00 6.0168399e-20]
211 ham [1.00000000e+00 2.19381753e-15]
212 ham [1.00000000e+00 2.22896645e-15]
213 ham [1.00000000e+00 3.12685649e-19]
214 ham [1.00000000e+00 1.67624313e-13]
215 ham [1.00000000e+00 3.63222408e-18]
216 ham [9.99987785e-01 1.22147564e-05]
217 ham [1.00000000e+00 2.35455263e-15]
218 ham [1.00000000e+00 3.34607064e-16]
219 ham [1.00000000e+00 8.48651384e-11]
220 ham [1.00000000e+00 3.33923726e-33]
221 ham [1.00000000e+00 2.52154777e-17]
222 ham [1.00000000e+00 6.61576087e-12]
223 ham [1.0000000e+00 8.4803126e-16]
224 ham [1.00000000e+00 2.52055675e-16]
225 spam [3.40865203e-26 1.00000000e+00]
226 ham [1.00000000e+00 2.81875767e-19]
227 spam [1.21076462e-09 9.99999999e-01]
228 ham [1.00000000e+00 1.84912593e-10]
229 ham [1.0000000e+00 2.3144182e-15]
230 ham [1.00000000e+00 4.53428373e-17]
231 ham [1.00000000e+00 7.42314811e-18]
232 ham [1.00000000e+00 4.96717946e-13]
233 ham [1.0000000e+00 1.1106601e-13]
234 ham [1.00000000e+00 1.30673646e-19]
235 spam [1.73629046e-16 1.00000000e+00]
236 ham [1.00000000e+00 1.27098184e-19]
237 ham [9.99999996e-01 3.51766622e-09]
238 ham [1.00000000e+00 7.05982838e-15]
239 ham [1.0000000e+00 7.8166722e-15]
240 spam [4.40180118e-05 9.99955982e-01]
241 ham [1.00000000e+00 4.24621245e-16]
242 ham [1.00000000e+00 7.35793599e-13]
243 ham [9.99999590e-01 4.10008426e-07]
244 ham [1.00000000e+00 1.67050086e-32]
245 ham [1.00000000e+00 9.01287759e-15]
246 ham [1.00000000e+00 3.38472105e-19]
247 ham [1.00000000e+00 7.44519178e-12]
248 ham [9.99997146e-01 2.85365518e-06]
249 ham [1.00000000e+00 1.14330396e-24]
250 spam [6.81334928e-54 1.00000000e+00]
251 ham [9.99945117e-01 5.48830078e-05]
252 ham [1.00000000e+00 1.77591186e-13]
253 ham [1.00000000e+00 3.56525832e-17]
254 ham [0.97676022 0.02323978]
255 ham [1.00000000e+00 1.76328008e-16]
256 ham [1.00000000e+00 6.43655709e-12]
257 ham [1.00000000e+00 5.99779982e-13]
258 ham [1.00000000e+00 3.44040231e-16]
259 spam [1.66834508e-14 1.00000000e+00]
260 ham [1.00000000e+00 3.09402366e-18]
261 ham [1.00000000e+00 7.35793599e-13]
262 ham [1.00000000e+00 4.05818057e-18]
263 ham [1.00000000e+00 4.17144449e-11]
264 spam [9.51085206e-16 1.00000000e+00]
265 ham [1.00000000e+00 3.76860478e-16]
266 ham [9.99999997e-01 3.44393289e-09]
267 ham [1.00000000e+00 6.24678529e-15]
268 spam [1.91589646e-40 1.00000000e+00]
269 ham [9.99999998e-01 1.90748147e-09]
270 spam [3.61142594e-11 1.00000000e+00]
271 ham [9.99979848e-01 2.01516969e-05]
272 ham [9.99999999e-01 1.02971088e-09]
273 spam [5.31090834e-21 1.00000000e+00]
274 ham [1.00000000e+00 1.37726489e-17]
275 ham [1.00000000e+00 2.19085075e-12]
276 ham [1.00000000e+00 2.61426115e-14]
277 ham [9.99999980e-01 2.02260443e-08]
278 ham [1.00000000e+00 4.25417243e-17]
279 ham [1.00000000e+00 1.68897228e-19]
280 ham [1.00000000e+00 4.62053175e-15]
281 ham [1.00000000e+00 1.74680656e-15]
282 ham [1.00000000e+00 1.28200393e-18]
283 ham [1.0000000e+00 2.9578397e-13]
284 ham [1.00000000e+00 2.61426115e-14]
285 ham [1.00000000e+00 1.06834718e-15]
286 ham [1.00000000e+00 2.50663587e-23]
287 ham [1.00000000e+00 4.82349593e-14]
288 ham [1.0000000e+00 2.4876552e-16]
289 ham [1.00000000e+00 1.24033163e-20]
290 ham [1.00000000e+00 2.06985037e-10]
291 ham [1.00000000e+00 6.66642135e-13]
292 ham [1.00000000e+00 5.47247812e-18]
293 ham [1.00000000e+00 2.36843801e-17]
294 ham [1.00000000e+00 4.74398171e-13]
295 ham [9.99999726e-01 2.73936268e-07]
296 spam [5.90914808e-21 1.00000000e+00]
297 ham [1.00000000e+00 1.08473323e-12]
298 ham [1.00000000e+00 8.31095338e-28]
299 ham [1.0000000e+00 3.2843367e-11]
300 ham [1.00000000e+00 1.24279057e-28]
301 ham [1.00000000e+00 1.45175796e-17]
302 ham [1.00000000e+00 4.98573378e-16]
303 ham [9.99999997e-01 3.02250214e-09]
304 ham [9.99999999e-01 1.40206368e-09]
305 spam [2.80805067e-21 1.00000000e+00]
306 ham [1.00000000e+00 2.41698375e-24]
307 ham [1.00000000e+00 4.82255458e-17]
308 ham [1.00000000e+00 2.74401587e-10]
309 spam [2.98117714e-13 1.00000000e+00]
310 ham [9.99999997e-01 2.67687131e-09]
311 ham [9.99999999e-01 8.23121295e-10]
312 spam [2.5821702e-13 1.0000000e+00]
313 ham [1.00000000e+00 1.67895241e-29]
314 ham [9.99999988e-01 1.16189267e-08]
315 ham [1.00000000e+00 1.54094258e-18]
316 ham [1.00000000e+00 1.92667016e-13]
317 ham [1.00000000e+00 2.76211972e-15]
318 ham [1.00000000e+00 5.92938192e-17]
319 spam [3.14325889e-21 1.00000000e+00]
320 ham [1.00000000e+00 4.36274423e-18]
321 ham [1.00000000e+00 4.50920557e-20]
322 ham [1.00000000e+00 1.42798831e-16]
323 ham [9.99351670e-01 6.48330402e-04]
324 ham [1.00000000e+00 3.09576353e-17]
325 ham [1.00000000e+00 5.94521196e-14]
326 ham [1.00000000e+00 4.82563698e-13]
327 ham [1.00000000e+00 8.14925889e-17]
328 ham [1.00000000e+00 1.31981777e-13]
329 ham [1.0000000e+00 1.0659394e-12]
330 ham [1.00000000e+00 6.47689925e-15]
331 ham [1.0000000e+00 9.2455321e-15]
332 ham [1.00000000e+00 1.07957035e-21]
333 spam [5.99034004e-14 1.00000000e+00]
334 spam [6.97574438e-17 1.00000000e+00]
335 spam [7.05438214e-17 1.00000000e+00]
336 ham [1.00000000e+00 5.25401522e-15]
337 ham [1.0000000e+00 1.5786092e-16]
338 ham [1.00000000e+00 1.72141341e-13]
339 ham [1.00000000e+00 8.58437213e-15]
340 ham [1.00000000e+00 1.64473517e-10]
341 ham [1.00000000e+00 4.30634389e-16]
342 ham [9.99999939e-01 6.09136276e-08]
343 ham [1.00000000e+00 9.45208705e-11]
344 ham [1.00000000e+00 6.23514902e-14]
345 ham [9.99999998e-01 2.40420040e-09]
346 ham [1.00000000e+00 1.68880786e-14]
347 ham [9.99999959e-01 4.11895248e-08]
348 ham [1.00000000e+00 1.79592319e-10]
349 spam [5.16702514e-10 9.99999999e-01]
350 ham [1.00000000e+00 3.25528764e-15]
351 ham [1.00000000e+00 4.04690269e-22]
352 ham [1.00000000e+00 4.36577006e-22]
353 ham [1.00000000e+00 9.28982495e-15]
354 ham [9.99999999e-01 6.46671043e-10]
355 ham [1.00000000e+00 4.32768218e-19]
356 ham [1.00000000e+00 8.25642595e-13]
357 spam [2.68706063e-53 1.00000000e+00]
358 spam [6.01334596e-27 1.00000000e+00]
359 ham [1.00000000e+00 1.72982007e-23]
360 ham [9.99999995e-01 5.08061122e-09]
361 ham [1.00000000e+00 1.39447088e-10]
362 ham [1.00000000e+00 5.76303014e-18]
363 ham [1.00000000e+00 1.56029534e-10]
364 ham [1.00000000e+00 1.11192923e-11]
365 ham [1.00000000e+00 9.55002502e-21]
366 ham [1.00000000e+00 2.08868746e-23]
367 spam [7.94978509e-09 9.99999992e-01]
368 spam [1.05464498e-15 1.00000000e+00]
369 ham [1.00000000e+00 1.67427533e-13]
370 ham [1.00000000e+00 9.94607401e-15]
371 ham [1.0000000e+00 1.7431433e-22]
372 ham [1.0000000e+00 3.0163204e-14]
373 ham [1.00000000e+00 3.31579012e-23]
374 ham [1.00000000e+00 3.11618776e-34]
375 spam [1.66173284e-11 1.00000000e+00]
376 ham [1.00000000e+00 1.76991349e-15]
377 ham [1.0000000e+00 1.0148685e-18]
378 ham [1.00000000e+00 6.34093351e-14]
379 ham [1.00000000e+00 6.67143275e-13]
380 ham [1.00000000e+00 3.12708945e-15]
381 ham [1.00000000e+00 1.88898555e-30]
382 ham [1.00000000e+00 2.41123307e-15]
383 ham [1.00000000e+00 3.65013479e-17]
384 ham [1.00000000e+00 9.47996478e-16]
385 spam [1.98230504e-11 1.00000000e+00]
386 ham [1.00000000e+00 3.15526069e-10]
387 ham [1.00000000e+00 1.02434785e-18]
388 ham [1.00000000e+00 1.36372225e-18]
389 spam [4.18535747e-31 1.00000000e+00]
390 ham [1.00000000e+00 4.45916454e-21]
391 ham [1.00000000e+00 4.12224107e-18]
392 ham [1.00000000e+00 3.44472377e-14]
393 ham [1.00000000e+00 1.05666286e-17]
394 ham [1.00000000e+00 3.90669092e-26]
395 ham [1.00000000e+00 1.21513596e-19]
396 ham [9.99999031e-01 9.68720693e-07]
397 ham [1.000000e+00 1.381422e-12]
398 ham [1.00000000e+00 1.97145175e-27]
399 ham [9.99999395e-01 6.05464716e-07]
400 ham [1.00000000e+00 1.33923548e-13]
401 spam [8.5122687e-29 1.0000000e+00]
402 ham [1.00000000e+00 1.02159614e-15]
403 ham [1.00000000e+00 2.59954958e-10]
404 ham [1.00000000e+00 3.86184742e-19]
405 ham [1.00000000e+00 6.32237887e-18]
406 ham [1.00000000e+00 1.86181422e-10]
407 ham [1.00000000e+00 2.04024014e-14]
408 ham [1.0000000e+00 1.4087701e-12]
409 ham [1.00000000e+00 1.39404878e-13]
410 spam [4.89266923e-07 9.99999511e-01]
411 ham [1.00000000e+00 6.37169223e-15]
412 ham [1.0000000e+00 1.3549882e-17]
413 ham [1.00000000e+00 6.81281669e-23]
414 ham [1.00000000e+00 2.38205354e-16]
415 spam [0.06664286 0.93335714]
416 ham [1.00000000e+00 5.80594259e-15]
417 ham [1.00000000e+00 4.54377442e-12]
418 spam [5.91585635e-18 1.00000000e+00]
419 ham [1.00000000e+00 1.09637266e-13]
420 spam [8.73161392e-19 1.00000000e+00]
421 ham [1.00000000e+00 1.78427354e-12]
422 spam [1.06101907e-20 1.00000000e+00]
423 ham [9.99999999e-01 1.35280320e-09]
424 spam [4.85054468e-22 1.00000000e+00]
425 spam [3.96003355e-04 9.99603997e-01]
426 ham [1.00000000e+00 1.35789141e-17]
427 ham [1.00000000e+00 2.71803237e-16]
428 ham [1.00000000e+00 1.75099828e-11]
429 ham [1.00000000e+00 9.89622581e-25]
430 ham [1.00000000e+00 2.72769873e-13]
431 ham [1.0000000e+00 1.1179373e-16]
432 ham [9.99999952e-01 4.75890603e-08]
433 spam [2.09660214e-30 1.00000000e+00]
434 ham [1.0000000e+00 1.8238551e-10]
435 ham [1.00000000e+00 4.76942083e-21]
436 ham [1.0000000e+00 2.9077319e-24]
437 ham [1.00000000e+00 1.50907355e-17]
438 ham [1.00000000e+00 1.79523433e-11]
439 ham [9.99999963e-01 3.67792735e-08]
440 ham [1.00000000e+00 2.11853623e-13]
441 ham [1.00000000e+00 2.29017104e-22]
442 ham [1.00000000e+00 1.44590449e-14]
443 ham [1.00000000e+00 2.92796987e-30]
444 ham [1.00000000e+00 6.38133525e-15]
445 ham [1.00000000e+00 4.51130763e-12]
446 ham [1.00000000e+00 2.08544362e-19]
447 ham [1.00000000e+00 1.76632259e-13]
448 ham [1.00000000e+00 4.13381592e-14]
449 ham [1.00000000e+00 6.19306817e-11]
450 ham [1.00000000e+00 1.36907845e-14]
451 ham [9.99999995e-01 5.32168055e-09]
452 ham [1.000000e+00 1.015173e-21]
453 ham [9.99999999e-01 8.80491704e-10]
454 ham [1.00000000e+00 1.82136518e-17]
455 spam [3.94653878e-05 9.99960535e-01]
456 ham [1.00000000e+00 1.53848859e-11]
457 ham [1.0000000e+00 1.5174707e-12]
458 ham [9.99999941e-01 5.85054623e-08]
459 ham [1.00000000e+00 6.71547484e-18]
460 ham [1.00000000e+00 2.23104889e-15]
461 ham [1.00000000e+00 8.30226385e-16]
462 ham [9.99999999e-01 1.15369417e-09]
463 spam [8.91698372e-22 1.00000000e+00]
464 ham [1.00000000e+00 7.87792561e-16]
465 ham [1.00000000e+00 1.26327699e-12]
466 ham [1.00000000e+00 1.12240938e-18]
467 ham [1.00000000e+00 2.84936943e-15]
468 ham [1.00000000e+00 8.05869795e-14]
469 ham [1.00000000e+00 8.40485274e-13]
470 ham [1.00000000e+00 2.40278299e-12]
471 spam [1.1028524e-25 1.0000000e+00]
472 ham [1.00000000e+00 2.60754563e-13]
473 ham [1.00000000e+00 6.49047992e-23]
474 spam [1.77287701e-21 1.00000000e+00]
475 ham [1.00000000e+00 2.17168174e-15]
476 ham [1.00000000e+00 4.29320051e-17]
477 ham [1.00000000e+00 4.23021986e-18]
478 ham [1.00000000e+00 6.07608361e-15]
479 ham [1.00000000e+00 7.23788126e-19]
480 ham [1.00000000e+00 1.94630927e-19]
481 ham [1.000000e+00 1.045871e-13]
482 ham [1.0000000e+00 2.5156923e-21]
483 ham [1.00000000e+00 5.53462764e-15]
484 ham [1.00000000e+00 3.37513181e-13]
485 ham [9.99989870e-01 1.01300177e-05]
486 ham [1.00000000e+00 1.70226606e-16]
487 spam [4.46058883e-14 1.00000000e+00]
488 ham [1.00000000e+00 1.06722204e-11]
489 ham [1.00000000e+00 2.06801218e-12]
490 ham [1.00000000e+00 1.61172297e-23]
491 ham [1.00000000e+00 2.45230274e-11]
492 spam [9.61240455e-27 1.00000000e+00]
493 ham [1.00000000e+00 4.05761648e-16]
494 ham [1.00000000e+00 4.30854442e-20]
495 ham [1.00000000e+00 2.47409205e-14]
496 ham [1.00000000e+00 6.92711119e-14]
497 ham [1.0000000e+00 3.9828955e-21]
498 ham [1.00000000e+00 1.37329242e-12]
499 ham [1.00000000e+00 2.00075887e-11]
500 ham [1.00000000e+00 1.22057186e-16]
501 spam [1.67368851e-04 9.99832631e-01]
502 ham [1.00000000e+00 1.08216945e-17]
503 ham [1.00000000e+00 1.35454081e-10]
504 ham [9.99999717e-01 2.83201584e-07]
505 spam [1.21693903e-32 1.00000000e+00]
506 ham [1.00000000e+00 7.17959437e-24]
507 ham [9.99999059e-01 9.40909421e-07]
508 ham [1.00000000e+00 1.51041701e-25]
509 ham [1.00000000e+00 7.82152411e-12]
510 spam [0.09466123 0.90533877]
511 ham [9.99999999e-01 5.57248483e-10]
512 ham [1.00000000e+00 3.74412706e-13]
513 ham [1.00000000e+00 6.47902089e-12]
514 ham [1.0000000e+00 4.0660548e-12]
515 spam [1.81384328e-39 1.00000000e+00]
516 ham [1.00000000e+00 6.50100774e-12]
517 spam [5.41438084e-24 1.00000000e+00]
518 spam [8.90629361e-12 1.00000000e+00]
519 ham [1.00000000e+00 7.75035203e-14]
520 ham [1.00000000e+00 8.36251662e-11]
521 ham [1.00000000e+00 1.11539047e-10]
522 ham [1.0000000e+00 5.5743443e-18]
523 ham [1.00000000e+00 7.24983149e-15]
524 ham [1.00000000e+00 1.05376447e-11]
525 spam [9.44885364e-25 1.00000000e+00]
526 ham [1.00000000e+00 1.87305444e-15]
527 spam [3.63670177e-13 1.00000000e+00]
528 ham [9.99999990e-01 1.04618909e-08]
529 spam [4.23885279e-07 9.99999576e-01]
530 ham [1.00000000e+00 2.47186822e-13]
531 spam [1.19691873e-15 1.00000000e+00]
532 ham [1.00000000e+00 8.17043101e-13]
533 ham [1.0000000e+00 1.4663247e-14]
534 ham [1.00000000e+00 1.26566348e-17]
535 ham [1.00000000e+00 4.91952583e-30]
536 ham [1.00000000e+00 3.47970712e-17]
537 ham [1.00000000e+00 4.84160191e-19]
538 ham [1.00000000e+00 5.23091509e-11]
539 ham [1.00000000e+00 3.47835871e-15]
540 ham [1.00000000e+00 1.80707647e-11]
541 spam [2.22926167e-28 1.00000000e+00]
542 spam [0.04651991 0.95348009]
543 ham [1.00000000e+00 1.01609492e-20]
544 ham [9.99999718e-01 2.81543614e-07]
545 ham [1.00000000e+00 3.39374291e-16]
546 ham [1.00000000e+00 5.90483547e-12]
547 ham [1.00000000e+00 6.92279589e-23]
548 ham [1.00000000e+00 8.31804083e-18]
549 ham [1.00000000e+00 3.23504938e-21]
550 ham [1.00000000e+00 2.73556554e-23]
551 ham [9.99999107e-01 8.93353955e-07]
552 ham [1.00000000e+00 3.80502294e-12]
553 ham [0.95171005 0.04828995]
554 ham [1.00000000e+00 1.28069175e-23]
555 ham [9.99999998e-01 1.70395224e-09]
556 ham [9.99999210e-01 7.89779152e-07]
557 ham [1.00000000e+00 1.45624213e-15]
558 ham [1.00000000e+00 2.89471743e-21]
559 ham [1.00000000e+00 2.12491696e-12]
560 ham [1.00000000e+00 6.86810634e-29]
561 ham [1.0000000e+00 5.6335406e-21]
562 ham [1.00000000e+00 3.23770437e-17]
563 ham [1.00000000e+00 3.99648525e-21]
564 spam [1.23268e-25 1.00000e+00]
565 ham [1.00000000e+00 5.84817315e-30]
566 ham [0.92728441 0.07271559]
567 ham [9.99999997e-01 2.74235115e-09]
568 ham [1.00000000e+00 3.39829119e-23]
569 ham [9.99999948e-01 5.20800290e-08]
570 ham [1.00000000e+00 2.33331002e-13]
571 ham [1.00000000e+00 5.42789473e-28]
572 ham [1.00000000e+00 1.83975271e-12]
573 ham [1.00000000e+00 4.18403883e-15]
574 ham [9.99999998e-01 1.58781890e-09]
575 ham [1.00000000e+00 1.37492556e-15]
576 spam [2.97954149e-15 1.00000000e+00]
577 ham [1.0000000e+00 4.6490865e-17]
578 ham [1.00000000e+00 9.34310316e-20]
579 spam [4.82530048e-17 1.00000000e+00]
580 ham [9.99999598e-01 4.02084404e-07]
581 ham [1.00000000e+00 5.86902134e-18]
582 ham [1.00000000e+00 3.79081489e-22]
583 spam [7.01959419e-27 1.00000000e+00]
584 ham [1.00000000e+00 2.24200813e-16]
585 ham [1.00000000e+00 2.06753054e-12]
586 ham [1.00000000e+00 2.15808189e-16]
587 ham [1.00000000e+00 1.35218101e-22]
588 ham [9.99924538e-01 7.54619125e-05]
589 ham [1.00000000e+00 6.97513937e-11]
590 ham [1.00000000e+00 1.01435279e-15]
591 spam [1.83139581e-25 1.00000000e+00]
592 spam [2.19599671e-29 1.00000000e+00]
593 spam [1.55650381e-14 1.00000000e+00]
594 ham [1.00000000e+00 2.60070239e-10]
595 spam [0.05345435 0.94654565]
596 ham [1.00000000e+00 1.90444459e-15]
597 ham [1.00000000e+00 2.48857796e-14]
598 spam [6.41700983e-06 9.99993583e-01]
599 ham [1.00000000e+00 4.59672819e-10]
600 ham [1.00000000e+00 3.31236235e-12]
601 ham [9.99654704e-01 3.45296208e-04]
602 ham [1.00000000e+00 7.04839345e-30]
603 ham [1.0000000e+00 4.5685264e-13]
604 ham [1.00000000e+00 4.64238828e-18]
605 ham [1.00000000e+00 2.18987268e-16]
606 ham [1.00000000e+00 3.48020111e-13]
607 spam [3.95105111e-06 9.99996049e-01]
608 ham [1.00000000e+00 6.90498353e-18]
609 ham [1.000000e+00 6.048888e-18]
610 ham [1.00000000e+00 1.99880145e-10]
611 spam [1.30063054e-04 9.99869937e-01]
612 ham [9.99847447e-01 1.52552762e-04]
613 ham [1.00000000e+00 5.32416273e-12]
614 ham [1.00000000e+00 1.17587211e-10]
615 ham [1.00000000e+00 4.58795954e-21]
616 ham [1.00000000e+00 3.40485761e-11]
617 ham [1.00000000e+00 6.14265772e-21]
618 ham [1.00000000e+00 3.21756519e-13]
619 ham [1.00000000e+00 9.56307932e-16]
620 ham [9.99999953e-01 4.71403279e-08]
621 ham [1.00000000e+00 1.79827315e-25]
622 ham [1.00000000e+00 2.73290799e-14]
623 ham [1.00000000e+00 1.18711848e-13]
624 ham [1.00000000e+00 1.25387257e-22]
625 ham [1.00000000e+00 4.76512801e-15]
626 ham [9.99900006e-01 9.99943417e-05]
627 ham [1.00000000e+00 1.34190958e-10]
628 ham [1.0000000e+00 4.9178407e-28]
629 spam [8.72298147e-16 1.00000000e+00]
630 spam [7.69696913e-23 1.00000000e+00]
631 ham [1.00000000e+00 2.11123228e-20]
632 ham [1.00000000e+00 7.58321312e-13]
633 ham [1.00000000e+00 9.01474583e-12]
634 ham [9.99999980e-01 2.00163426e-08]
635 spam [1.44907063e-36 1.00000000e+00]
636 ham [1.0000000e+00 2.9247961e-19]
637 ham [1.00000000e+00 4.79120508e-24]
638 ham [1.00000000e+00 1.98936866e-17]
639 ham [1.00000000e+00 5.28492269e-15]
640 ham [1.00000000e+00 9.48986489e-11]
641 ham [1.00000000e+00 1.48143698e-14]
642 ham [1.00000000e+00 3.24582357e-21]
643 ham [1.00000000e+00 3.05766556e-15]
644 ham [1.00000000e+00 8.71987457e-16]
645 ham [9.99789950e-01 2.10050313e-04]
646 ham [1.00000000e+00 1.51133319e-12]
647 ham [1.00000000e+00 2.60840845e-21]
648 spam [4.78132723e-14 1.00000000e+00]
649 ham [9.99999769e-01 2.31497191e-07]
650 spam [4.0919202e-28 1.0000000e+00]
651 ham [1.00000000e+00 3.46548664e-11]
652 ham [1.00000000e+00 2.23402648e-17]
653 ham [1.00000000e+00 1.08147425e-15]
654 ham [1.00000000e+00 2.82908539e-20]
655 ham [1.00000000e+00 5.82177618e-20]
656 ham [1.00000000e+00 2.56767629e-14]
657 ham [1.00000000e+00 7.03049663e-13]
658 ham [1.00000000e+00 1.61665095e-19]
659 ham [1.00000000e+00 7.20660379e-13]
660 ham [0.7677515 0.2322485]
661 ham [9.99998966e-01 1.03415555e-06]
662 ham [1.00000000e+00 9.26391029e-15]
663 ham [1.00000000e+00 2.86826223e-28]
664 ham [1.00000000e+00 1.16749558e-11]
665 ham [1.00000000e+00 4.51134176e-10]
666 ham [1.00000000e+00 4.40958173e-14]
667 ham [1.00000000e+00 1.28513624e-22]
668 ham [1.00000000e+00 4.18756051e-19]
669 ham [1.0000000e+00 1.0792863e-16]
670 ham [9.99999999e-01 8.05855791e-10]
671 ham [1.00000000e+00 2.48742069e-10]
672 ham [9.99803980e-01 1.96019661e-04]
673 spam [6.98017989e-17 1.00000000e+00]
674 ham [1.00000000e+00 7.21471578e-32]
675 ham [1.00000000e+00 2.28327112e-29]
676 ham [1.00000000e+00 6.55733247e-20]
677 ham [1.00000000e+00 9.63215648e-11]
678 ham [1.00000000e+00 2.06656611e-18]
679 ham [1.00000000e+00 3.25418972e-12]
680 ham [1.00000000e+00 4.79682461e-17]
681 ham [1.00000000e+00 1.55566063e-15]
682 ham [1.00000000e+00 7.96713289e-14]
683 ham [1.00000000e+00 1.23620812e-14]
684 spam [0.33930025 0.66069975]
685 ham [1.00000000e+00 1.52201181e-19]
686 ham [1.00000000e+00 2.25088186e-17]
687 ham [1.00000000e+00 1.37479593e-13]
688 ham [9.99999981e-01 1.85801336e-08]
689 ham [1.00000000e+00 5.58854357e-16]
690 ham [1.0000000e+00 1.6896976e-10]
691 ham [1.00000000e+00 3.62418043e-13]
692 ham [9.99491204e-01 5.08796281e-04]
693 ham [1.00000000e+00 2.06850311e-17]
694 ham [9.99994858e-01 5.14243859e-06]
695 ham [1.00000000e+00 2.25679836e-10]
696 ham [1.00000000e+00 1.01638239e-11]
697 ham [1.00000000e+00 1.05475027e-13]
698 ham [1.00000000e+00 4.87556277e-15]
699 ham [1.0000000e+00 2.8957623e-20]
700 ham [1.00000000e+00 1.15106601e-11]
701 ham [1.00000000e+00 1.67642198e-12]
702 ham [1.00000000e+00 3.66431751e-15]
703 ham [9.9999999e-01 1.0076680e-08]
704 ham [1.00000000e+00 1.41919781e-14]
705 ham [1.00000000e+00 6.64543474e-33]
706 ham [1.0000000e+00 7.3006931e-21]
707 ham [1.00000000e+00 1.02478188e-12]
708 ham [1.00000000e+00 6.50927533e-22]
709 spam [3.49737447e-17 1.00000000e+00]
710 spam [2.33611324e-37 1.00000000e+00]
711 ham [0.99701598 0.00298402]
712 ham [1.00000000e+00 5.15064962e-20]
713 spam [0.00115348 0.99884652]
714 ham [1.00000000e+00 3.14919272e-11]
715 ham [1.00000000e+00 7.58981011e-15]
716 ham [1.00000000e+00 1.85446914e-21]
717 spam [1.15287756e-25 1.00000000e+00]
718 ham [1.00000000e+00 2.52334111e-16]
719 spam [2.22020239e-53 1.00000000e+00]
720 ham [1.00000000e+00 2.16651846e-20]
721 ham [1.00000000e+00 1.33736638e-17]
722 ham [1.00000000e+00 1.11487538e-16]
723 ham [1.0000000e+00 7.5799092e-11]
724 ham [1.00000000e+00 3.25045621e-12]
725 ham [1.00000000e+00 3.87812025e-23]
726 ham [1.00000000e+00 7.72142196e-16]
727 ham [1.00000000e+00 1.28849339e-45]
728 ham [9.99999893e-01 1.06605383e-07]
729 ham [1.00000000e+00 2.64034736e-11]
730 ham [1.00000000e+00 9.38457445e-17]
731 spam [0.44543788 0.55456212]
732 ham [1.00000000e+00 1.36783727e-18]
733 ham [1.00000000e+00 2.67477009e-15]
734 ham [1.00000000e+00 3.41697852e-15]
735 ham [1.00000000e+00 1.21894303e-10]
736 ham [1.00000000e+00 4.55977251e-18]
737 ham [1.00000000e+00 1.90518932e-12]
738 spam [3.82523493e-16 1.00000000e+00]
739 ham [1.00000000e+00 3.21448001e-18]
740 ham [1.00000000e+00 3.57905691e-13]
741 ham [1.00000000e+00 4.80402342e-23]
742 ham [1.0000000e+00 4.3002039e-23]
743 ham [1.00000000e+00 3.55298755e-30]
744 ham [1.00000000e+00 4.58885577e-11]
745 ham [9.99999995e-01 5.15966778e-09]
746 ham [1.00000000e+00 2.54246544e-20]
747 ham [1.00000000e+00 1.35127441e-15]
748 ham [9.99495174e-01 5.04826407e-04]
749 ham [1.00000000e+00 4.77654098e-16]
