0 ham [1.00000000e+00 2.10365322e-15]
1 ham [1.00000000e+00 4.11293127e-20]
2 spam [5.9430797e-45 1.0000000e+00]
3 ham [1.000000e+00 6.382943e-30]
4 ham [1.00000000e+00 1.82572633e-31]
5 ham [1.00000000e+00 1.02856987e-15]
6 ham [1.00000000e+00 2.35903768e-16]
7 ham [1.00000000e+00 1.98102294e-18]
8 spam [1.14120705e-49 1.00000000e+00]
9 spam [7.73212226e-42 1.00000000e+00]
10 ham [1.00000000e+00 3.23446095e-34]
11 spam [7.1823994e-56 1.0000000e+00]
12 spam [3.48695538e-36 1.00000000e+00]
13 ham [1.00000000e+00 2.77095278e-22]
14 ham [1.00000000e+00 3.30046275e-14]
15 spam [9.27141124e-14 1.00000000e+00]
16 ham [1.00000000e+00 3.42271894e-28]
17 ham [1.00000000e+00 2.39899488e-30]
18 ham [1.00000000e+00 2.04123928e-24]
19 spam [4.22148842e-36 1.00000000e+00]
20 ham [1.00000000e+00 7.58752127e-22]
21 ham [1.00000000e+00 2.83434825e-15]
22 ham [1.0000000e+00 9.8425807e-25]
23 ham [1.00000000e+00 5.43673692e-29]
24 ham [1.00000000e+00 1.62858171e-19]
25 ham [1.00000000e+00 8.77756404e-17]
26 ham [1.00000000e+00 7.34215834e-21]
27 ham [1.00000000e+00 8.53629319e-21]
28 ham [1.00000000e+00 4.63996473e-35]
29 ham [1.0000000e+00 4.0366015e-25]
30 ham [1.00000000e+00 6.58567115e-25]
31 ham [1.00000000e+00 1.33896055e-30]
32 ham [1.00000000e+00 2.94003625e-22]
33 ham [9.99999991e-01 9.17615664e-09]
34 spam [1.80326552e-19 1.00000000e+00]
35 ham [1.00000000e+00 2.21066426e-34]
36 ham [1.00000000e+00 5.58256936e-24]
37 ham [1.00000000e+00 4.03238609e-20]
38 ham [1.00000000e+00 8.42078467e-18]
39 ham [1.00000000e+00 2.43093412e-32]
40 ham [1.00000000e+00 3.93252354e-23]
41 ham [1.00000000e+00 1.38800652e-30]
42 spam [1.04714407e-21 1.00000000e+00]
43 ham [1.00000000e+00 1.29926376e-11]
44 ham [1.00000000e+00 3.57571678e-28]
45 ham [1.0000000e+00 7.5825661e-16]
46 ham [1.00000000e+00 3.77250346e-16]
47 ham [1.00000000e+00 1.20125182e-16]
48 ham [1.00000000e+00 2.42319202e-29]
49 ham [1.00000000e+00 2.04460973e-16]
50 ham [1.00000000e+00 8.38519682e-29]
51 ham [1.00000000e+00 2.38731579e-25]
52 ham [1.00000000e+00 3.08107615e-15]
53 ham [1.00000000e+00 5.43175119e-45]
54 spam [6.14172761e-28 1.00000000e+00]
55 ham [1.00000000e+00 2.61052768e-16]
56 spam [3.21118916e-48 1.00000000e+00]
57 ham [1.00000000e+00 4.86970313e-26]
58 ham [1.00000000e+00 4.49291266e-20]
59 ham [1.00000000e+00 3.11388277e-13]
60 ham [1.00000000e+00 1.51990708e-21]
61 ham [1.00000000e+00 1.19326458e-15]
62 ham [1.00000000e+00 3.69981392e-16]
63 ham [1.00000000e+00 1.48307134e-32]
64 ham [1.00000000e+00 2.51803406e-42]
65 spam [3.88347385e-18 1.00000000e+00]
66 ham [1.00000000e+00 1.59473607e-11]
67 spam [9.27202038e-44 1.00000000e+00]
68 ham [1.00000000e+00 4.88040462e-23]
69 ham [1.00000000e+00 9.06684721e-19]
70 ham [1.00000000e+00 1.69785622e-23]
71 ham [1.0000000e+00 2.7756105e-17]
72 spam [9.40499667e-05 9.99905950e-01]
73 ham [1.00000000e+00 1.09980457e-21]
74 ham [1.00000000e+00 8.69367925e-18]
75 ham [1.00000000e+00 1.73172974e-13]
76 ham [1.00000000e+00 9.57255258e-21]
77 ham [1.00000000e+00 5.90548112e-26]
78 ham [1.00000000e+00 6.10181224e-23]
79 ham [1.00000000e+00 1.19109645e-26]
80 ham [1.00000000e+00 3.24635778e-24]
81 ham [1.00000000e+00 5.71972544e-19]
82 ham [1.00000000e+00 2.02805684e-25]
83 ham [1.00000000e+00 2.26463701e-23]
84 ham [1.00000000e+00 5.11036349e-14]
85 ham [1.00000000e+00 1.97632962e-17]
86 ham [1.00000000e+00 3.40376495e-26]
87 ham [1.00000000e+00 9.44664853e-20]
88 ham [1.0000000e+00 6.8069883e-23]
89 ham [1.00000000e+00 6.63135953e-13]
90 ham [1.00000000e+00 3.74620289e-20]
91 ham [1.00000000e+00 3.74173271e-44]
92 ham [0.64132615 0.35867385]
93 spam [3.98369401e-40 1.00000000e+00]
94 ham [1.00000000e+00 1.87747283e-24]
95 spam [3.68230675e-26 1.00000000e+00]
96 ham [1.00000000e+00 2.63714943e-17]
97 ham [1.0000000e+00 8.9727992e-23]
98 ham [1.00000000e+00 8.26626218e-27]
99 ham [1.00000000e+00 6.35208936e-18]
100 ham [1.00000000e+00 3.28855431e-18]
101 ham [1.00000000e+00 1.88251799e-15]
102 ham [1.00000000e+00 1.15006681e-21]
103 ham [1.00000000e+00 1.32217943e-10]
104 ham [1.00000000e+00 1.93935538e-22]
105 ham [1.00000000e+00 3.56998614e-19]
106 ham [1.00000000e+00 4.23897122e-10]
107 ham [1.00000000e+00 1.44577453e-20]
108 ham [1.00000000e+00 1.28416606e-18]
109 ham [1.00000000e+00 4.06435662e-27]
110 ham [1.00000000e+00 5.72327434e-23]
111 ham [1.00000000e+00 1.07132967e-12]
112 ham [1.00000000e+00 1.26048512e-17]
113 ham [1.00000000e+00 4.29225793e-36]
114 spam [1.38440423e-57 1.00000000e+00]
115 ham [1.00000000e+00 1.26576785e-23]
116 ham [1.00000000e+00 5.26905741e-30]
117 spam [4.13889135e-50 1.00000000e+00]
118 ham [0.96794568 0.03205432]
119 ham [1.00000000e+00 2.75189784e-25]
120 spam [2.12583213e-46 1.00000000e+00]
121 spam [9.96791374e-45 1.00000000e+00]
122 ham [1.00000000e+00 1.56268639e-18]
123 spam [1.6825204e-35 1.0000000e+00]
124 ham [1.00000000e+00 3.84073936e-17]
125 ham [1.00000000e+00 1.87950036e-22]
126 ham [1.00000000e+00 1.40705222e-21]
127 ham [1.00000000e+00 3.57286385e-39]
128 ham [1.00000000e+00 2.13581694e-23]
129 spam [9.39380091e-24 1.00000000e+00]
130 ham [1.00000000e+00 1.98951152e-23]
131 ham [1.00000000e+00 1.24743423e-22]
132 ham [1.00000000e+00 7.91033613e-13]
133 ham [1.00000000e+00 3.21278059e-16]
134 spam [1.64174469e-15 1.00000000e+00]
135 spam [4.13690264e-30 1.00000000e+00]
136 ham [1.00000000e+00 4.94711669e-10]
137 ham [1.00000000e+00 3.16899408e-21]
138 ham [1.00000000e+00 1.11893931e-15]
139 spam [4.27450221e-17 1.00000000e+00]
140 ham [1.00000000e+00 5.70542355e-35]
141 ham [1.00000000e+00 5.03823315e-17]
142 ham [1.00000000e+00 6.23419732e-15]
143 ham [1.00000000e+00 2.32546406e-17]
144 ham [1.00000000e+00 9.98097729e-26]
145 ham [1.00000000e+00 1.03457353e-20]
146 ham [1.00000000e+00 2.71068087e-14]
147 spam [2.6344457e-15 1.0000000e+00]
148 ham [1.00000000e+00 8.64742638e-19]
149 ham [1.00000000e+00 5.42467049e-21]
150 ham [1.0000000e+00 5.6709842e-21]
151 ham [1.00000000e+00 4.44298313e-19]
152 ham [1.00000000e+00 4.25150179e-26]
153 ham [1.00000000e+00 7.20625058e-17]
154 ham [1.00000000e+00 1.32217943e-10]
155 ham [1.00000000e+00 2.79400653e-36]
156 ham [1.00000000e+00 2.34972757e-16]
157 ham [1.00000000e+00 6.69464951e-20]
158 ham [1.00000000e+00 1.98608206e-35]
159 spam [1.15569031e-09 9.99999999e-01]
160 spam [2.12749693e-39 1.00000000e+00]
161 ham [1.00000000e+00 1.68421668e-29]
162 ham [1.0000000e+00 1.2309569e-18]
163 ham [1.00000000e+00 1.35506384e-27]
164 spam [2.59241626e-46 1.00000000e+00]
165 spam [6.09084747e-15 1.00000000e+00]
166 ham [1.00000000e+00 7.20789745e-16]
167 spam [1.63523334e-46 1.00000000e+00]
168 ham [1.00000000e+00 8.39775665e-14]
169 ham [1.00000000e+00 3.61764123e-20]
170 ham [1.00000000e+00 1.51243876e-19]
171 ham [1.00000000e+00 2.83745163e-23]
172 ham [1.00000000e+00 5.30015097e-31]
173 ham [1.00000000e+00 9.13948331e-26]
174 ham [1.00000000e+00 1.06338757e-17]
175 ham [1.00000000e+00 3.18919738e-35]
176 ham [1.00000000e+00 8.57527886e-30]
177 ham [1.0000000e+00 1.1471284e-19]
178 ham [1.00000000e+00 1.82526879e-35]
179 ham [1.00000000e+00 5.26949775e-24]
180 spam [1.02246791e-04 9.99897753e-01]
181 ham [1.00000000e+00 3.46963122e-16]
182 ham [1.00000000e+00 4.93239307e-20]
183 ham [1.00000000e+00 1.08522362e-20]
184 ham [1.00000000e+00 3.92501507e-19]
185 ham [1.00000000e+00 1.41006532e-19]
186 ham [1.00000000e+00 6.82604226e-24]
187 ham [1.000000e+00 1.888227e-18]
188 spam [1.14075584e-41 1.00000000e+00]
189 ham [1.00000000e+00 4.68049425e-27]
190 ham [1.00000000e+00 3.01352892e-32]
191 ham [9.99999604e-01 3.96154291e-07]
192 ham [1.0000000e+00 3.2831912e-32]
193 ham [1.00000000e+00 9.18603632e-19]
194 ham [9.99999994e-01 6.47005107e-09]
195 ham [1.00000000e+00 7.78064415e-23]
196 ham [1.0000000e+00 2.7009265e-20]
197 ham [1.00000000e+00 2.07303722e-24]
198 ham [1.00000000e+00 1.15323443e-11]
199 ham [1.00000000e+00 2.80403783e-28]
200 ham [1.0000000e+00 5.1243046e-23]
201 ham [1.00000000e+00 2.27783477e-26]
202 ham [1.00000000e+00 9.27976084e-23]
203 ham [9.99997297e-01 2.70253012e-06]
204 ham [1.00000000e+00 9.03786344e-14]
205 ham [1.00000000e+00 5.16195276e-14]
206 ham [1.00000000e+00 4.55264116e-21]
207 ham [1.00000000e+00 5.80954129e-31]
208 ham [1.00000000e+00 4.51079997e-16]
209 ham [1.00000000e+00 1.95270915e-17]
210 ham [1.00000000e+00 1.20850192e-23]
211 ham [1.00000000e+00 2.40278166e-21]
212 ham [1.00000000e+00 1.43217854e-17]
213 ham [1.00000000e+00 2.53431492e-23]
214 ham [1.00000000e+00 8.97509268e-23]
215 ham [1.00000000e+00 8.94219409e-21]
216 ham [9.99999958e-01 4.16776482e-08]
217 ham [1.00000000e+00 4.55280339e-20]
218 ham [1.00000000e+00 1.14169004e-18]
219 ham [1.00000000e+00 4.59154712e-17]
220 ham [1.00000000e+00 1.28076555e-44]
221 ham [1.00000000e+00 1.53628687e-24]
222 ham [1.00000000e+00 8.48193975e-19]
223 ham [1.00000000e+00 3.13992183e-25]
224 ham [1.00000000e+00 4.63232054e-26]
225 spam [1.86578458e-42 1.00000000e+00]
226 ham [1.00000000e+00 1.84867412e-23]
227 spam [5.25989401e-06 9.99994740e-01]
228 ham [1.00000000e+00 1.16550575e-13]
229 ham [1.00000000e+00 6.94789274e-16]
230 ham [1.00000000e+00 2.62903375e-21]
231 ham [1.00000000e+00 2.92062839e-17]
232 ham [1.00000000e+00 2.65196907e-17]
233 ham [1.00000000e+00 2.43997545e-23]
234 ham [1.00000000e+00 2.62003795e-27]
235 spam [1.09312516e-25 1.00000000e+00]
236 ham [1.0000000e+00 1.3847643e-29]
237 ham [1.00000000e+00 1.44824499e-13]
238 ham [1.00000000e+00 1.69348428e-19]
239 ham [1.00000000e+00 1.22253191e-15]
240 spam [0.05269508 0.94730492]
241 ham [1.00000000e+00 6.23300959e-19]
242 ham [9.99993023e-01 6.97652577e-06]
243 ham [1.00000000e+00 1.67889024e-12]
244 ham [1.00000000e+00 9.87962556e-38]
245 ham [1.00000000e+00 5.84388057e-19]
246 ham [1.00000000e+00 7.01945427e-27]
247 ham [1.00000000e+00 1.68620322e-18]
248 ham [9.99999999e-01 5.65126312e-10]
249 ham [1.00000000e+00 1.35127997e-35]
250 spam [1.11030947e-69 1.00000000e+00]
251 ham [9.99999984e-01 1.57684305e-08]
252 ham [1.00000000e+00 8.02470842e-20]
253 ham [1.00000000e+00 4.62614264e-22]
254 ham [9.99998987e-01 1.01324711e-06]
255 ham [1.00000000e+00 5.11495619e-23]
256 ham [1.00000000e+00 5.52442264e-19]
257 ham [1.00000000e+00 1.14070772e-16]
258 ham [1.00000000e+00 8.49929028e-23]
259 spam [4.12051549e-25 1.00000000e+00]
260 ham [1.00000000e+00 3.73418198e-25]
261 ham [1.0000000e+00 5.9044919e-19]
262 ham [1.00000000e+00 2.41559988e-24]
263 spam [0.07476958 0.92523042]
264 spam [8.01094358e-08 9.99999920e-01]
265 ham [1.0000000e+00 3.4981684e-19]
266 ham [1.00000000e+00 1.44138725e-13]
267 ham [1.00000000e+00 2.76524896e-22]
268 spam [6.18466049e-67 1.00000000e+00]
269 ham [1.00000000e+00 1.08748056e-13]
270 spam [1.42434951e-20 1.00000000e+00]
271 ham [9.99999994e-01 5.99419911e-09]
272 ham [1.00000000e+00 4.77883671e-13]
273 spam [1.89057505e-29 1.00000000e+00]
274 ham [1.00000000e+00 2.01944123e-23]
275 ham [1.00000000e+00 1.31375141e-15]
276 ham [1.00000000e+00 8.79979463e-19]
277 ham [1.00000000e+00 1.73086651e-14]
278 ham [1.0000000e+00 9.7149796e-22]
279 ham [1.00000000e+00 1.77530195e-27]
280 ham [1.00000000e+00 1.21032089e-19]
281 ham [1.00000000e+00 9.99185722e-19]
282 ham [1.00000000e+00 2.37226282e-24]
283 ham [1.0000000e+00 9.6525798e-23]
284 ham [1.00000000e+00 3.01832956e-16]
285 ham [1.00000000e+00 1.20935819e-24]
286 ham [1.00000000e+00 3.17819619e-30]
287 ham [1.00000000e+00 5.72145002e-21]
288 ham [1.00000000e+00 3.56842908e-23]
289 ham [1.00000000e+00 3.40782471e-28]
290 ham [1.00000000e+00 1.39465805e-16]
291 ham [1.00000000e+00 1.27005774e-17]
292 ham [1.00000000e+00 5.94772743e-23]
293 ham [1.00000000e+00 2.03348023e-21]
294 ham [1.00000000e+00 1.03198542e-19]
295 ham [1.00000000e+00 9.44976004e-12]
296 spam [2.78416797e-53 1.00000000e+00]
297 ham [9.99999998e-01 1.52304967e-09]
298 ham [1.00000000e+00 8.11717901e-29]
299 ham [1.00000000e+00 1.13018474e-18]
300 ham [1.00000000e+00 7.78024073e-34]
301 ham [1.00000000e+00 4.05796582e-20]
302 ham [1.00000000e+00 2.29285172e-20]
303 ham [1.00000000e+00 1.05093213e-14]
304 ham [1.0000000e+00 4.4827244e-16]
305 spam [1.52741486e-33 1.00000000e+00]
306 ham [1.00000000e+00 1.71458042e-30]
307 ham [1.00000000e+00 1.89124519e-20]
308 ham [1.00000000e+00 2.71945903e-14]
309 spam [1.54148815e-16 1.00000000e+00]
310 ham [1.00000000e+00 1.22448129e-14]
311 spam [6.69141095e-09 9.99999993e-01]
312 spam [7.86146157e-35 1.00000000e+00]
313 ham [1.00000000e+00 1.28085934e-37]
314 ham [1.000000e+00 3.642272e-18]
315 ham [1.000000e+00 2.701345e-22]
316 ham [1.00000000e+00 1.48737829e-17]
317 ham [1.00000000e+00 1.95400886e-21]
318 ham [1.00000000e+00 7.49513115e-24]
319 spam [6.10272151e-46 1.00000000e+00]
320 ham [1.00000000e+00 4.90942705e-22]
321 ham [1.00000000e+00 5.80565701e-22]
322 ham [1.00000000e+00 1.27510481e-21]
323 ham [9.99999998e-01 1.74195871e-09]
324 ham [1.00000000e+00 1.35938534e-18]
325 ham [1.00000000e+00 8.66222443e-20]
326 ham [1.00000000e+00 1.19505737e-15]
327 ham [1.00000000e+00 3.87397989e-21]
328 ham [1.00000000e+00 7.66978532e-21]
329 ham [1.00000000e+00 5.15937678e-15]
330 ham [1.00000000e+00 7.93240401e-27]
331 ham [1.00000000e+00 7.13749763e-19]
332 ham [1.0000000e+00 1.2370041e-25]
333 spam [8.72548888e-20 1.00000000e+00]
334 spam [3.99256816e-08 9.99999960e-01]
335 spam [2.08335609e-22 1.00000000e+00]
336 ham [1.00000000e+00 9.24530017e-21]
337 ham [1.00000000e+00 4.15193057e-22]
338 ham [1.00000000e+00 7.30925523e-18]
339 ham [1.00000000e+00 3.71838088e-24]
340 ham [9.99999994e-01 6.24480237e-09]
341 ham [1.00000000e+00 1.16791605e-23]
342 ham [1.00000000e+00 2.43495764e-16]
343 ham [1.00000000e+00 6.20775945e-15]
344 ham [1.00000000e+00 2.78736798e-16]
345 ham [1.00000000e+00 4.79312686e-14]
346 ham [1.00000000e+00 1.38287287e-18]
347 ham [1.00000000e+00 1.99532158e-14]
348 ham [1.0000000e+00 4.7281848e-12]
349 spam [3.82648546e-20 1.00000000e+00]
350 ham [1.00000000e+00 2.68867108e-18]
351 ham [1.00000000e+00 1.19465087e-29]
352 ham [1.00000000e+00 3.63064536e-28]
353 ham [1.0000000e+00 5.1979473e-21]
354 ham [1.00000000e+00 2.36805991e-17]
355 ham [1.00000000e+00 1.03406448e-17]
356 ham [1.00000000e+00 1.18974374e-10]
357 spam [2.83143239e-68 1.00000000e+00]
358 spam [6.39638423e-41 1.00000000e+00]
359 ham [1.0000000e+00 1.7875482e-28]
360 ham [1.00000000e+00 1.29572463e-19]
361 ham [1.00000000e+00 5.73635684e-14]
362 ham [1.00000000e+00 4.49385633e-23]
363 ham [1.00000000e+00 1.18002597e-14]
364 ham [1.00000000e+00 3.51083678e-16]
365 ham [1.00000000e+00 1.02874903e-34]
366 ham [1.00000000e+00 2.13652259e-30]
367 spam [1.1349552e-50 1.0000000e+00]
368 spam [5.28514266e-27 1.00000000e+00]
369 ham [1.00000000e+00 2.34813088e-17]
370 ham [1.00000000e+00 4.81411451e-17]
371 ham [1.0000000e+00 1.5706386e-31]
372 ham [1.00000000e+00 1.38418928e-20]
373 ham [1.00000000e+00 6.87277994e-30]
374 ham [1.00000000e+00 7.73483828e-46]
375 spam [1.42840128e-24 1.00000000e+00]
376 ham [1.00000000e+00 2.01214618e-21]
377 ham [1.00000000e+00 2.42199738e-20]
378 ham [1.00000000e+00 7.51591629e-14]
379 ham [1.00000000e+00 1.32451467e-16]
380 ham [1.00000000e+00 1.40623472e-23]
381 ham [1.00000000e+00 1.25317708e-41]
382 ham [1.00000000e+00 5.48379279e-20]
383 ham [1.00000000e+00 1.62913731e-20]
384 ham [1.00000000e+00 6.51054415e-19]
385 spam [4.52221325e-39 1.00000000e+00]
386 ham [1.00000000e+00 2.22026731e-14]
387 ham [1.00000000e+00 1.90096671e-18]
388 ham [1.00000000e+00 3.74993569e-22]
389 spam [4.94690784e-47 1.00000000e+00]
390 ham [1.00000000e+00 2.62350281e-27]
391 ham [1.00000000e+00 4.35440194e-20]
392 ham [1.00000000e+00 1.81376375e-17]
393 ham [1.0000000e+00 3.1467726e-21]
394 ham [1.00000000e+00 2.05532025e-37]
395 ham [1.00000000e+00 5.09803653e-23]
396 ham [9.99999893e-01 1.06669776e-07]
397 ham [1.00000000e+00 4.99056371e-20]
398 ham [1.00000000e+00 2.08099368e-32]
399 ham [9.99999628e-01 3.72235214e-07]
400 ham [1.00000000e+00 7.77000248e-20]
401 spam [2.15424997e-40 1.00000000e+00]
402 ham [1.00000000e+00 4.56794326e-20]
403 ham [1.00000000e+00 5.93892811e-13]
404 ham [1.00000000e+00 6.84216718e-22]
405 ham [1.00000000e+00 4.30236032e-21]
406 ham [1.00000000e+00 6.46656857e-19]
407 ham [1.00000000e+00 1.05978473e-23]
408 ham [1.00000000e+00 4.54519191e-17]
409 ham [1.00000000e+00 1.67425328e-15]
410 spam [4.11376683e-13 1.00000000e+00]
411 ham [1.00000000e+00 6.89770877e-19]
412 ham [1.00000000e+00 1.40901435e-23]
413 ham [1.00000000e+00 1.40396585e-27]
414 ham [1.00000000e+00 7.50724128e-19]
415 ham [9.99440357e-01 5.59642689e-04]
416 ham [1.00000000e+00 1.29660285e-17]
417 ham [1.00000000e+00 5.20992499e-17]
418 spam [5.54591529e-31 1.00000000e+00]
419 ham [1.00000000e+00 3.43045847e-21]
420 spam [9.28808931e-39 1.00000000e+00]
421 ham [1.00000000e+00 8.58576377e-20]
422 spam [1.23531204e-22 1.00000000e+00]
423 ham [1.00000000e+00 7.31926638e-12]
424 spam [3.14564898e-45 1.00000000e+00]
425 ham [0.93650791 0.06349209]
426 ham [1.0000000e+00 1.3523452e-27]
427 ham [1.00000000e+00 2.05666029e-20]
428 ham [1.0000000e+00 1.0760057e-15]
429 ham [1.00000000e+00 2.76972086e-30]
430 ham [1.00000000e+00 7.47235175e-20]
431 ham [1.00000000e+00 1.30015313e-20]
432 ham [1.00000000e+00 7.19044159e-13]
433 spam [2.93205101e-54 1.00000000e+00]
434 ham [1.00000000e+00 7.47211167e-14]
435 ham [1.00000000e+00 6.52892971e-27]
436 ham [1.00000000e+00 6.47013992e-26]
437 ham [1.00000000e+00 1.61956543e-22]
438 ham [1.00000000e+00 1.17042242e-18]
439 ham [1.00000000e+00 2.71178681e-15]
440 ham [1.00000000e+00 1.58346204e-20]
441 ham [1.00000000e+00 1.27981656e-30]
442 ham [1.00000000e+00 8.31426002e-18]
443 ham [1.00000000e+00 4.88377689e-36]
444 ham [1.00000000e+00 3.19296395e-24]
445 spam [0.00242563 0.99757437]
446 ham [1.00000000e+00 1.07777264e-30]
447 ham [1.00000000e+00 2.71207378e-18]
448 ham [1.00000000e+00 1.17425505e-20]
449 ham [1.00000000e+00 1.29010358e-14]
450 ham [1.00000000e+00 1.81031209e-18]
451 ham [1.00000000e+00 9.03398883e-13]
452 ham [1.00000000e+00 8.05361361e-25]
453 ham [1.00000000e+00 2.30428348e-14]
454 ham [1.00000000e+00 1.11699805e-27]
455 spam [1.55112644e-11 1.00000000e+00]
456 ham [1.00000000e+00 5.18366718e-16]
457 spam [4.18079142e-11 1.00000000e+00]
458 ham [1.00000000e+00 8.71157989e-16]
459 ham [1.00000000e+00 4.06803651e-22]
460 ham [1.0000000e+00 1.9574148e-21]
461 ham [1.00000000e+00 4.28581644e-21]
462 ham [1.00000000e+00 1.70342433e-11]
463 spam [1.36467018e-59 1.00000000e+00]
464 ham [1.00000000e+00 5.63009176e-25]
465 ham [1.00000000e+00 5.88668616e-20]
466 ham [1.00000000e+00 1.28772256e-29]
467 ham [1.00000000e+00 4.64751013e-21]
468 ham [1.00000000e+00 2.83414345e-18]
469 ham [1.00000000e+00 1.55213131e-21]
470 ham [1.00000000e+00 1.68513033e-18]
471 spam [2.18763449e-41 1.00000000e+00]
472 ham [1.000000e+00 9.629806e-21]
473 ham [1.00000000e+00 7.20103707e-32]
474 spam [4.36859724e-29 1.00000000e+00]
475 ham [1.00000000e+00 1.19413291e-20]
476 ham [1.00000000e+00 1.60587868e-26]
477 ham [1.00000000e+00 3.07615986e-22]
478 ham [1.00000000e+00 4.38776022e-17]
479 ham [1.00000000e+00 2.82669635e-25]
480 ham [1.00000000e+00 1.00239611e-20]
481 ham [1.00000000e+00 5.53921682e-16]
482 ham [1.00000000e+00 2.99841784e-26]
483 ham [1.00000000e+00 1.34429103e-18]
484 ham [1.00000000e+00 1.05237699e-20]
485 ham [9.99999996e-01 4.30457712e-09]
486 ham [1.00000000e+00 1.05659897e-19]
487 spam [2.30391287e-29 1.00000000e+00]
488 ham [1.00000000e+00 2.13560822e-16]
489 ham [1.00000000e+00 2.45595062e-15]
490 ham [1.00000000e+00 3.41811752e-30]
491 ham [1.00000000e+00 2.15455367e-22]
492 spam [2.6174293e-44 1.0000000e+00]
493 ham [1.00000000e+00 2.68356653e-25]
494 ham [1.00000000e+00 7.74087462e-25]
495 ham [1.00000000e+00 3.02764743e-19]
496 ham [1.00000000e+00 7.19537025e-19]
497 ham [1.00000000e+00 5.08549664e-25]
498 ham [1.00000000e+00 5.98652832e-17]
499 ham [1.00000000e+00 2.07164417e-15]
500 ham [1.00000000e+00 1.24137682e-20]
501 spam [0.45042217 0.54957783]
502 ham [1.00000000e+00 8.26179615e-22]
503 ham [1.00000000e+00 1.05313832e-11]
504 ham [1.00000000e+00 3.82453648e-12]
505 spam [7.89903391e-51 1.00000000e+00]
506 ham [1.00000000e+00 9.27980209e-30]
507 ham [1.00000000e+00 4.15321255e-11]
508 ham [1.00000000e+00 1.54374748e-38]
509 ham [1.00000000e+00 2.41761102e-16]
510 spam [5.35242111e-09 9.99999995e-01]
511 ham [1.00000000e+00 9.76806043e-16]
512 ham [1.00000000e+00 1.06665265e-15]
513 ham [1.00000000e+00 8.79417943e-17]
514 ham [1.00000000e+00 6.66987154e-15]
515 spam [8.12473583e-60 1.00000000e+00]
516 ham [1.00000000e+00 1.61157274e-12]
517 spam [2.72843962e-43 1.00000000e+00]
518 spam [2.87574763e-13 1.00000000e+00]
519 ham [1.00000000e+00 2.30586066e-21]
520 ham [1.00000000e+00 1.88629204e-17]
521 ham [1.00000000e+00 1.03537646e-15]
522 ham [1.00000000e+00 3.72520957e-20]
523 ham [1.00000000e+00 2.62962627e-18]
524 ham [1.00000000e+00 1.86309429e-17]
525 spam [3.00672989e-43 1.00000000e+00]
526 ham [1.00000000e+00 8.68110308e-21]
527 spam [1.77135225e-43 1.00000000e+00]
528 ham [1.00000000e+00 4.54368539e-19]
529 spam [7.92481036e-13 1.00000000e+00]
530 ham [1.00000000e+00 1.95548671e-17]
531 spam [1.67759323e-49 1.00000000e+00]
532 ham [1.00000000e+00 1.81620441e-18]
533 ham [1.00000000e+00 1.06326009e-18]
534 ham [1.00000000e+00 1.19361969e-23]
535 ham [1.00000000e+00 1.54453554e-37]
536 ham [1.00000000e+00 2.52419924e-31]
537 ham [1.00000000e+00 1.05244116e-23]
538 ham [1.00000000e+00 2.65452046e-15]
539 ham [1.00000000e+00 3.54689009e-16]
540 ham [1.00000000e+00 2.11175333e-18]
541 spam [2.15555131e-32 1.00000000e+00]
542 ham [9.99977193e-01 2.28072702e-05]
543 ham [1.00000000e+00 3.59122935e-25]
544 ham [1.00000000e+00 5.42053881e-12]
545 ham [1.00000000e+00 1.63502949e-17]
546 ham [1.0000000e+00 9.9962566e-18]
547 ham [1.00000000e+00 5.95541076e-30]
548 ham [1.00000000e+00 1.63811993e-25]
549 ham [1.00000000e+00 4.12761955e-25]
550 ham [1.00000000e+00 6.65856321e-33]
551 ham [1.00000000e+00 1.33686361e-13]
552 ham [1.00000000e+00 1.05540421e-16]
553 ham [9.99999939e-01 6.13892005e-08]
554 ham [1.00000000e+00 6.29587138e-32]
555 ham [1.00000000e+00 1.52552628e-16]
556 ham [9.99999842e-01 1.57544405e-07]
557 ham [1.0000000e+00 3.5545334e-18]
558 ham [1.00000000e+00 1.32505386e-27]
559 ham [1.00000000e+00 3.11476018e-18]
560 ham [1.00000000e+00 8.07706934e-37]
561 ham [1.00000000e+00 3.76973438e-25]
562 ham [1.00000000e+00 1.08969853e-22]
563 ham [1.00000000e+00 2.06628634e-26]
564 spam [5.28243517e-54 1.00000000e+00]
565 ham [1.00000000e+00 1.77724434e-39]
566 ham [9.99803122e-01 1.96877629e-04]
567 ham [1.00000000e+00 2.05140485e-13]
568 ham [1.00000000e+00 2.86682325e-35]
569 ham [1.00000000e+00 5.79644815e-15]
570 ham [1.00000000e+00 6.00764838e-13]
571 ham [1.00000000e+00 1.50420151e-33]
572 ham [1.00000000e+00 3.99804899e-17]
573 ham [1.00000000e+00 6.53649992e-21]
574 ham [1.00000000e+00 3.03886197e-13]
575 ham [1.00000000e+00 1.08036023e-19]
576 spam [1.23630304e-17 1.00000000e+00]
577 ham [1.00000000e+00 2.06998294e-25]
578 ham [1.00000000e+00 3.47316906e-24]
579 spam [1.04754009e-11 1.00000000e+00]
580 ham [1.0000000e+00 4.4080857e-10]
581 ham [1.00000000e+00 6.29577633e-24]
582 ham [1.00000000e+00 9.50622502e-30]
583 spam [3.69101466e-21 1.00000000e+00]
584 ham [1.00000000e+00 9.77518583e-22]
585 ham [1.00000000e+00 2.75653221e-20]
586 ham [1.00000000e+00 8.44007562e-23]
587 ham [1.00000000e+00 1.01677094e-28]
588 ham [9.99999997e-01 2.65613150e-09]
589 ham [1.00000000e+00 3.80103885e-16]
590 ham [1.00000000e+00 3.36741172e-22]
591 spam [6.42034633e-36 1.00000000e+00]
592 spam [5.01544895e-48 1.00000000e+00]
593 spam [1.99355888e-45 1.00000000e+00]
594 ham [1.00000000e+00 1.36005537e-13]
595 ham [9.99955278e-01 4.47219091e-05]
596 ham [1.00000000e+00 1.23324713e-24]
597 ham [1.00000000e+00 6.68883764e-20]
598 spam [1.40452022e-10 1.00000000e+00]
599 ham [1.00000000e+00 1.05258654e-13]
600 ham [1.000000e+00 7.974893e-19]
601 spam [0.01078075 0.98921925]
602 ham [1.00000000e+00 4.41555705e-36]
603 ham [1.00000000e+00 1.78549888e-15]
604 ham [1.00000000e+00 6.66766498e-24]
605 ham [1.00000000e+00 4.03326683e-20]
606 ham [9.9999999e-01 1.0166247e-08]
607 spam [5.15555088e-27 1.00000000e+00]
608 ham [1.00000000e+00 5.66578492e-25]
609 ham [1.00000000e+00 4.43030126e-20]
610 ham [1.0000000e+00 1.1250165e-14]
611 spam [4.70431239e-26 1.00000000e+00]
612 ham [9.99999977e-01 2.34938138e-08]
613 ham [1.0000000e+00 4.6052402e-18]
614 spam [4.22795778e-17 1.00000000e+00]
615 ham [1.00000000e+00 2.74998218e-28]
616 ham [1.00000000e+00 3.72204895e-24]
617 ham [1.00000000e+00 2.66642655e-30]
618 ham [1.00000000e+00 2.06637027e-14]
619 ham [1.00000000e+00 2.68425605e-21]
620 ham [1.00000000e+00 2.29190826e-10]
621 ham [1.00000000e+00 9.80333721e-30]
622 ham [1.00000000e+00 2.49088944e-21]
623 spam [8.07632793e-06 9.99991924e-01]
624 ham [1.00000000e+00 1.66883442e-27]
625 ham [1.00000000e+00 4.06977137e-21]
626 ham [1.00000000e+00 6.75533073e-14]
627 ham [1.00000000e+00 1.26931645e-18]
628 ham [1.00000000e+00 3.92768587e-35]
629 spam [2.24780106e-28 1.00000000e+00]
630 spam [3.43164982e-24 1.00000000e+00]
631 ham [1.00000000e+00 6.11500197e-22]
632 ham [1.000000e+00 1.217808e-17]
633 ham [1.00000000e+00 5.27557971e-20]
634 ham [1.00000000e+00 4.41732449e-12]
635 spam [1.29323324e-51 1.00000000e+00]
636 ham [1.0000000e+00 1.0913675e-22]
637 ham [1.00000000e+00 6.09095112e-27]
638 ham [1.00000000e+00 2.30991666e-21]
639 ham [1.00000000e+00 9.16589309e-20]
640 ham [1.00000000e+00 4.07787565e-19]
641 ham [1.00000000e+00 1.75710224e-22]
642 ham [1.00000000e+00 4.85722025e-29]
643 ham [1.00000000e+00 2.55611617e-19]
644 ham [1.00000000e+00 3.40795365e-21]
645 ham [9.99999999e-01 5.07155041e-10]
646 ham [1.00000000e+00 4.83338595e-18]
647 ham [1.00000000e+00 3.15994282e-28]
648 spam [5.66148764e-45 1.00000000e+00]
649 ham [1.00000000e+00 1.36177988e-12]
650 spam [7.32922189e-45 1.00000000e+00]
651 ham [1.00000000e+00 6.91688621e-13]
652 ham [1.00000000e+00 3.55426961e-29]
653 ham [1.0000000e+00 2.1830446e-22]
654 ham [1.00000000e+00 3.23760452e-24]
655 ham [1.00000000e+00 5.43088912e-24]
656 ham [1.00000000e+00 5.34425564e-20]
657 ham [1.00000000e+00 4.82117645e-20]
658 ham [1.00000000e+00 4.81597027e-23]
659 ham [1.00000000e+00 3.40234704e-17]
660 ham [9.99985860e-01 1.41395143e-05]
661 ham [1.00000000e+00 1.11614095e-10]
662 ham [1.00000000e+00 9.89216278e-21]
663 ham [1.00000000e+00 1.60375287e-35]
664 ham [1.00000000e+00 1.87411726e-12]
665 ham [1.00000000e+00 5.89787893e-17]
666 ham [1.00000000e+00 5.36273647e-16]
667 ham [1.0000000e+00 2.1177173e-25]
668 ham [1.00000000e+00 3.36606789e-21]
669 ham [1.00000000e+00 6.71426026e-21]
670 ham [1.0000000e+00 1.2040748e-13]
671 ham [1.000000e+00 1.112743e-10]
672 spam [1.03700976e-16 1.00000000e+00]
673 spam [2.98913488e-46 1.00000000e+00]
674 ham [1.00000000e+00 2.19200966e-33]
675 ham [1.00000000e+00 5.64824795e-37]
676 ham [1.00000000e+00 2.83150538e-26]
677 ham [1.00000000e+00 1.06011607e-14]
678 ham [1.00000000e+00 2.25448417e-24]
679 ham [1.0000000e+00 1.3702606e-16]
680 ham [1.00000000e+00 2.80814932e-26]
681 ham [1.00000000e+00 1.00783216e-18]
682 ham [1.000000e+00 3.084367e-18]
683 ham [1.00000000e+00 5.26154004e-18]
684 ham [9.99990358e-01 9.64183541e-06]
685 ham [1.00000000e+00 1.87233749e-28]
686 ham [1.00000000e+00 4.72116645e-22]
687 ham [1.00000000e+00 2.07097077e-11]
688 ham [1.00000000e+00 2.58869355e-14]
689 ham [1.00000000e+00 3.97208454e-19]
690 ham [1.00000000e+00 9.57712365e-11]
691 ham [1.00000000e+00 5.61862711e-17]
692 ham [1.00000000e+00 3.78337464e-16]
693 ham [1.00000000e+00 1.53115341e-22]
694 ham [1.00000000e+00 4.11672779e-11]
695 ham [1.00000000e+00 1.16978306e-12]
696 ham [1.00000000e+00 8.40911094e-21]
697 ham [1.00000000e+00 5.81173998e-19]
698 ham [1.00000000e+00 6.37761367e-20]
699 ham [1.00000000e+00 9.83347227e-24]
700 ham [1.00000000e+00 4.46521223e-16]
701 ham [1.00000000e+00 1.02514627e-19]
702 ham [1.00000000e+00 1.06003825e-24]
703 ham [1.00000000e+00 5.28776881e-14]
704 ham [1.00000000e+00 1.03910266e-21]
705 ham [1.00000000e+00 2.81926006e-36]
706 ham [1.00000000e+00 4.02482606e-29]
707 ham [1.00000000e+00 4.43133008e-20]
708 ham [1.000000e+00 2.273106e-25]
709 spam [2.88327234e-38 1.00000000e+00]
710 spam [1.21919726e-64 1.00000000e+00]
711 ham [9.99920139e-01 7.98610405e-05]
712 ham [1.00000000e+00 1.02734213e-26]
713 spam [5.92130354e-04 9.99407870e-01]
714 ham [1.00000000e+00 1.01600211e-13]
715 ham [1.0000000e+00 6.9855706e-24]
716 ham [1.00000000e+00 2.65167331e-26]
717 spam [1.80371982e-38 1.00000000e+00]
718 ham [1.00000000e+00 2.18868103e-22]
719 spam [6.88339752e-56 1.00000000e+00]
720 ham [1.00000000e+00 2.83364905e-22]
721 ham [1.00000000e+00 1.18057628e-20]
722 ham [1.00000000e+00 2.51995427e-16]
723 ham [1.00000000e+00 1.44027095e-16]
724 ham [1.00000000e+00 1.24663616e-17]
725 ham [1.00000000e+00 1.09031437e-29]
726 ham [1.00000000e+00 9.69481572e-22]
727 ham [1.00000000e+00 1.34331243e-54]
728 ham [1.00000000e+00 2.35791783e-13]
729 ham [1.00000000e+00 4.05464759e-13]
730 ham [1.00000000e+00 4.72177898e-20]
731 spam [3.20525338e-05 9.99967947e-01]
732 ham [1.00000000e+00 5.74435052e-20]
733 ham [1.00000000e+00 2.65830346e-23]
734 ham [1.00000000e+00 6.43699768e-21]
735 ham [1.00000000e+00 3.19409458e-15]
736 ham [1.00000000e+00 3.77767729e-24]
737 ham [1.00000000e+00 2.86501742e-17]
738 spam [6.99742612e-55 1.00000000e+00]
739 ham [1.00000000e+00 1.27747835e-21]
740 ham [1.00000000e+00 5.14418593e-20]
741 ham [1.00000000e+00 2.25977533e-28]
742 ham [1.00000000e+00 2.33799237e-26]
743 ham [1.00000000e+00 2.74457176e-37]
744 ham [1.0000000e+00 3.8495963e-19]
745 ham [1.00000000e+00 8.41959295e-11]
746 ham [1.00000000e+00 1.41556275e-24]
747 ham [1.00000000e+00 1.28841602e-21]
748 spam [2.47023462e-11 1.00000000e+00]
749 ham [1.00000000e+00 9.00121632e-21]
