0 ham [1.00000000e+00 8.40409794e-19]
1 ham [1.00000000e+00 5.65313975e-36]
2 spam [8.05731275e-75 1.00000000e+00]
3 ham [1.00000000e+00 1.60252536e-41]
4 ham [1.00000000e+00 2.37314806e-42]
5 ham [1.00000000e+00 1.18204877e-11]
6 ham [1.0000000e+00 1.3126907e-23]
7 ham [1.00000000e+00 1.02425334e-52]
8 spam [3.79467011e-78 1.00000000e+00]
9 spam [1.3117e-55 1.0000e+00]
10 ham [1.00000000e+00 2.34870953e-42]
11 spam [7.0195453e-59 1.0000000e+00]
12 spam [6.35007202e-54 1.00000000e+00]
13 ham [1.00000000e+00 1.50593553e-21]
14 ham [1.00000000e+00 5.13579633e-35]
15 spam [5.95135736e-18 1.00000000e+00]
16 ham [1.00000000e+00 2.44973507e-50]
17 ham [1.00000000e+00 5.25359812e-29]
18 ham [1.00000000e+00 4.97419279e-38]
19 spam [2.93071582e-39 1.00000000e+00]
20 ham [1.00000000e+00 2.70493108e-34]
21 ham [1.00000000e+00 2.36886401e-27]
22 ham [1.000000e+00 2.139057e-30]
23 ham [1.00000000e+00 2.60872612e-40]
24 ham [1.00000000e+00 8.21386983e-34]
25 ham [9.99999990e-01 9.85305017e-09]
26 ham [1.00000000e+00 1.29787957e-36]
27 ham [1.00000000e+00 1.87546927e-17]
28 ham [1.00000000e+00 6.35800204e-59]
29 ham [1.00000000e+00 1.68609192e-35]
30 ham [1.00000000e+00 1.56803401e-31]
31 ham [9.99998030e-01 1.96971818e-06]
32 ham [1.00000000e+00 1.54164551e-44]
33 ham [1.00000000e+00 1.80083977e-20]
34 spam [5.9119903e-19 1.0000000e+00]
35 ham [1.00000000e+00 7.02805404e-33]
36 ham [1.00000000e+00 2.12875997e-46]
37 ham [1.00000000e+00 9.23845992e-42]
38 ham [1.0000000e+00 4.2090422e-42]
39 ham [1.00000000e+00 1.06280362e-33]
40 ham [1.00000000e+00 1.32236364e-39]
41 ham [1.00000000e+00 2.02660667e-48]
42 spam [7.20143868e-44 1.00000000e+00]
43 ham [1.00000000e+00 1.00863765e-40]
44 ham [1.00000000e+00 3.70287663e-51]
45 ham [1.00000000e+00 1.77575504e-40]
46 ham [1.00000000e+00 2.98495589e-32]
47 ham [1.00000000e+00 1.38359737e-35]
48 ham [1.00000000e+00 1.93899907e-43]
49 ham [1.00000000e+00 7.40454239e-14]
50 ham [1.0000000e+00 1.3794838e-43]
51 ham [1.0000000e+00 1.9664543e-34]
52 ham [1.00000000e+00 1.65370274e-21]
53 ham [1.00000000e+00 2.82824719e-31]
54 spam [1.00983068e-07 9.99999899e-01]
55 ham [1.0000000e+00 1.1883934e-40]
56 spam [3.3747091e-94 1.0000000e+00]
57 ham [1.0000000e+00 9.1131011e-54]
58 ham [1.00000000e+00 1.35909802e-39]
59 ham [1.00000000e+00 4.23778229e-25]
60 ham [1.00000000e+00 2.26241138e-31]
61 ham [1.00000000e+00 8.16003314e-31]
62 ham [1.00000000e+00 1.26325029e-34]
63 ham [1.00000000e+00 4.10814773e-48]
64 ham [1.00000000e+00 1.78246062e-37]
65 spam [1.55228102e-26 1.00000000e+00]
66 ham [1.00000000e+00 1.51985838e-26]
67 spam [3.92406235e-52 1.00000000e+00]
68 ham [1.00000000e+00 2.71830341e-25]
69 ham [1.00000000e+00 2.08314771e-34]
70 ham [1.00000000e+00 5.83049112e-38]
71 ham [1.00000000e+00 8.59189976e-41]
72 ham [1.00000000e+00 3.62952586e-34]
73 ham [1.00000000e+00 3.02322474e-44]
74 ham [1.00000000e+00 4.92173442e-43]
75 ham [1.00000000e+00 1.04188356e-37]
76 ham [1.00000000e+00 1.16403419e-44]
77 ham [1.00000000e+00 1.27225132e-40]
78 ham [1.0000000e+00 6.9289391e-48]
79 ham [1.00000000e+00 1.89652487e-42]
80 ham [1.00000000e+00 1.94086978e-53]
81 ham [1.00000000e+00 2.79913264e-44]
82 ham [1.00000000e+00 8.23014696e-47]
83 ham [1.00000000e+00 4.44616933e-48]
84 ham [1.00000000e+00 7.65650899e-31]
85 ham [1.00000000e+00 4.22911783e-33]
86 ham [1.00000000e+00 2.63497556e-24]
87 ham [1.00000000e+00 3.84051454e-14]
88 ham [1.00000000e+00 8.89212209e-37]
89 ham [1.00000000e+00 2.03450805e-29]
90 ham [1.00000000e+00 2.05045367e-26]
91 ham [1.00000000e+00 5.84323866e-25]
92 ham [9.99999925e-01 7.52405119e-08]
93 spam [1.4623468e-92 1.0000000e+00]
94 ham [1.00000000e+00 3.34005594e-29]
95 spam [4.89419889e-31 1.00000000e+00]
96 ham [1.00000000e+00 3.39726119e-36]
97 ham [1.00000000e+00 1.87325432e-39]
98 ham [1.00000000e+00 3.34482731e-10]
99 ham [1.00000000e+00 3.52168037e-38]
100 ham [1.0000000e+00 3.2696554e-36]
101 ham [1.00000000e+00 1.24721745e-17]
102 ham [1.0000000e+00 2.7421835e-34]
103 ham [1.00000000e+00 3.67992972e-35]
104 ham [1.00000000e+00 2.05374677e-13]
105 ham [1.0000000e+00 8.6844703e-37]
106 ham [1.00000000e+00 7.94269655e-25]
107 ham [1.00000000e+00 8.62748747e-40]
108 ham [1.00000000e+00 4.96032792e-23]
109 ham [1.00000000e+00 7.22490921e-23]
110 ham [1.00000000e+00 7.48941162e-45]
111 ham [1.00000000e+00 2.86995582e-30]
112 ham [1.00000000e+00 2.11190736e-35]
113 ham [1.00000000e+00 8.25228543e-36]
114 spam [1.86318933e-86 1.00000000e+00]
115 ham [1.00000000e+00 7.29359332e-14]
116 ham [1.00000000e+00 3.16203261e-52]
117 spam [6.03011232e-102 1.00000000e+000]
118 ham [9.99991026e-01 8.97400899e-06]
119 ham [1.00000000e+00 7.58717127e-33]
120 spam [7.37155414e-32 1.00000000e+00]
121 spam [1.2430704e-54 1.0000000e+00]
122 ham [1.0000000e+00 3.3018078e-31]
123 spam [5.752418e-60 1.000000e+00]
124 ham [1.00000000e+00 1.10801267e-33]
125 ham [1.00000000e+00 2.73316248e-40]
126 ham [1.00000000e+00 1.05610342e-39]
127 ham [1.00000000e+00 1.42525557e-21]
128 ham [1.00000000e+00 2.31169128e-48]
129 ham [1.00000000e+00 3.23473129e-14]
130 ham [1.00000000e+00 2.48326707e-45]
131 ham [1.00000000e+00 1.14249699e-48]
132 ham [1.00000000e+00 1.03485687e-31]
133 ham [1.00000000e+00 3.12822557e-35]
134 ham [0.96967285 0.03032715]
135 spam [8.35261675e-61 1.00000000e+00]
136 ham [1.00000000e+00 8.59206855e-18]
137 ham [1.00000000e+00 9.12891064e-44]
138 ham [1.00000000e+00 3.71006907e-35]
139 spam [6.57504082e-16 1.00000000e+00]
140 ham [1.00000000e+00 2.40875778e-34]
141 ham [1.00000000e+00 2.59344515e-41]
142 ham [1.00000000e+00 1.62893712e-33]
143 ham [9.99967555e-01 3.24453785e-05]
144 ham [1.00000000e+00 5.97442059e-43]
145 ham [1.00000000e+00 1.37476987e-35]
146 ham [1.0000000e+00 8.0592035e-26]
147 spam [4.02145898e-22 1.00000000e+00]
148 ham [1.00000000e+00 4.35037481e-23]
149 ham [1.00000000e+00 5.86500927e-39]
150 ham [1.00000000e+00 2.53375321e-42]
151 ham [1.00000000e+00 2.07925672e-43]
152 ham [1.00000000e+00 2.66702912e-35]
153 ham [1.0000000e+00 2.6888096e-37]
154 ham [1.00000000e+00 3.67992972e-35]
155 spam [1.15086892e-16 1.00000000e+00]
156 ham [1.00000000e+00 8.52551872e-41]
157 ham [1.00000000e+00 7.59265009e-43]
158 ham [1.00000000e+00 9.95679787e-44]
159 spam [1.64379333e-06 9.99998356e-01]
160 spam [6.63192883e-90 1.00000000e+00]
161 ham [1.00000000e+00 4.28929126e-51]
162 ham [1.00000000e+00 1.02176026e-29]
163 ham [1.00000000e+00 2.31976562e-40]
164 spam [7.25683307e-44 1.00000000e+00]
165 spam [5.32611715e-11 1.00000000e+00]
166 ham [1.00000000e+00 2.85378024e-25]
167 spam [2.21840874e-71 1.00000000e+00]
168 ham [1.00000000e+00 7.04545983e-21]
169 ham [1.00000000e+00 1.87992609e-27]
170 ham [1.00000000e+00 3.18094299e-28]
171 ham [1.00000000e+00 4.93837281e-39]
172 ham [1.00000000e+00 4.91188901e-32]
173 ham [1.00000000e+00 1.81017537e-48]
174 ham [1.0000000e+00 2.7714085e-17]
175 ham [1.00000000e+00 8.30126766e-59]
176 ham [1.00000000e+00 3.90449713e-52]
177 ham [1.00000000e+00 4.49111475e-41]
178 ham [1.00000000e+00 2.54569967e-51]
179 ham [1.00000000e+00 2.99987292e-43]
180 ham [1.00000000e+00 3.78062864e-15]
181 ham [1.00000000e+00 4.68940798e-18]
182 ham [1.00000000e+00 2.37853772e-37]
183 ham [1.00000000e+00 5.06778554e-47]
184 ham [1.00000000e+00 7.77701499e-37]
185 ham [1.00000000e+00 4.68946819e-41]
186 ham [1.00000000e+00 2.54291227e-18]
187 ham [1.00000000e+00 2.82802678e-43]
188 spam [3.33013201e-92 1.00000000e+00]
189 ham [1.00000000e+00 1.27436482e-45]
190 ham [1.00000000e+00 8.11346261e-39]
191 ham [1.00000000e+00 8.30141775e-12]
192 ham [1.00000000e+00 6.94978925e-33]
193 ham [1.000000e+00 1.171031e-32]
194 ham [9.99999930e-01 7.00754335e-08]
195 ham [1.00000000e+00 1.20667983e-36]
196 ham [1.00000000e+00 8.38017302e-43]
197 ham [1.00000000e+00 6.37971687e-50]
198 ham [1.00000000e+00 1.02204596e-16]
199 ham [1.00000000e+00 6.27340317e-48]
200 ham [1.00000000e+00 8.79425641e-53]
201 ham [1.00000000e+00 2.73999032e-54]
202 ham [1.00000000e+00 3.32560529e-29]
203 ham [1.00000000e+00 1.33066445e-29]
204 ham [1.00000000e+00 3.57207174e-35]
205 ham [1.00000000e+00 1.00739854e-38]
206 ham [1.00000000e+00 1.88126874e-35]
207 ham [1.00000000e+00 3.23069734e-53]
208 ham [1.00000000e+00 9.04511457e-34]
209 ham [1.00000000e+00 2.09614963e-32]
210 ham [1.00000000e+00 1.07248395e-37]
211 ham [1.00000000e+00 1.53909186e-40]
212 ham [1.00000000e+00 4.33904762e-39]
213 ham [1.0000000e+00 2.2373648e-43]
214 ham [1.00000000e+00 1.33607555e-37]
215 ham [1.00000000e+00 2.95450556e-48]
216 ham [1.00000000e+00 2.55176996e-24]
217 ham [1.00000000e+00 2.75253411e-33]
218 ham [1.00000000e+00 6.99015023e-35]
219 ham [1.00000000e+00 1.39088102e-42]
220 ham [1.00000000e+00 3.05343219e-45]
221 ham [1.00000000e+00 2.02646961e-46]
222 ham [0.8344589 0.1655411]
223 ham [1.00000000e+00 8.11832947e-55]
224 ham [1.00000000e+00 2.53251674e-17]
225 spam [1.21624157e-51 1.00000000e+00]
226 ham [1.00000000e+00 1.96260455e-46]
227 spam [3.40076032e-23 1.00000000e+00]
228 ham [1.00000000e+00 1.20353471e-31]
229 ham [1.00000000e+00 2.61521149e-14]
230 ham [1.00000000e+00 3.16273559e-42]
231 ham [1.00000000e+00 3.73207419e-23]
232 ham [1.0000000e+00 6.4195684e-34]
233 ham [1.0000000e+00 3.3117666e-40]
234 ham [1.000000e+00 1.230097e-35]
235 spam [1.94253656e-31 1.00000000e+00]
236 ham [1.0000000e+00 1.3952875e-49]
237 ham [1.00000000e+00 2.74305762e-34]
238 ham [1.00000000e+00 4.19676304e-43]
239 ham [1.00000000e+00 3.54607864e-24]
240 spam [1.11896719e-09 9.99999999e-01]
241 ham [1.00000000e+00 1.32683169e-40]
242 ham [1.00000000e+00 8.41247433e-33]
243 ham [1.00000000e+00 3.75937618e-21]
244 ham [1.00000000e+00 6.77417252e-36]
245 ham [1.00000000e+00 6.27472256e-38]
246 ham [1.00000000e+00 2.05022047e-41]
247 ham [1.00000000e+00 5.84945169e-27]
248 ham [1.00000000e+00 1.63639071e-23]
249 ham [1.00000000e+00 1.26337177e-26]
250 spam [5.32896179e-106 1.00000000e+000]
251 ham [1.00000000e+00 1.08210721e-25]
252 ham [9.99999987e-01 1.26765976e-08]
253 ham [1.00000000e+00 7.57868278e-55]
254 spam [6.49209505e-11 1.00000000e+00]
255 ham [1.00000000e+00 2.54613578e-48]
256 ham [1.00000000e+00 1.22216942e-31]
257 ham [1.0000000e+00 2.2274152e-31]
258 ham [1.00000000e+00 4.30056119e-51]
259 spam [2.62925269e-54 1.00000000e+00]
260 ham [1.00000000e+00 2.15032754e-35]
261 ham [1.00000000e+00 2.49403906e-41]
262 ham [1.00000000e+00 4.53912573e-42]
263 ham [1.00000000e+00 4.60766227e-24]
264 spam [3.48502232e-19 1.00000000e+00]
265 ham [1.00000000e+00 3.73578263e-38]
266 ham [1.00000000e+00 8.86833851e-31]
267 ham [1.00000000e+00 4.56925674e-36]
268 spam [4.41067649e-78 1.00000000e+00]
269 ham [1.00000000e+00 2.42206786e-32]
270 spam [1.44184318e-22 1.00000000e+00]
271 ham [1.00000000e+00 1.61983556e-23]
272 ham [1.00000000e+00 4.42244172e-11]
273 spam [1.60173965e-38 1.00000000e+00]
274 ham [1.00000000e+00 8.92526594e-43]
275 ham [1.00000000e+00 7.85318154e-35]
276 ham [1.00000000e+00 5.20246588e-41]
277 ham [1.00000000e+00 2.53690406e-26]
278 ham [1.00000000e+00 7.73996889e-59]
279 ham [1.00000000e+00 6.78486004e-42]
280 ham [1.0000000e+00 2.5935504e-25]
281 ham [1.00000000e+00 4.08228729e-38]
282 ham [1.00000000e+00 2.31393189e-21]
283 ham [1.00000000e+00 2.60885176e-39]
284 ham [1.00000000e+00 5.20246588e-41]
285 ham [1.00000000e+00 7.95497612e-37]
286 ham [1.00000000e+00 4.64994063e-41]
287 ham [1.00000000e+00 1.49983061e-42]
288 ham [1.00000000e+00 1.42822724e-14]
289 ham [1.00000000e+00 6.35727855e-31]
290 ham [1.00000000e+00 8.53918761e-11]
291 ham [1.00000000e+00 3.07499954e-29]
292 ham [1.00000000e+00 3.20999574e-29]
293 ham [1.00000000e+00 1.23551387e-41]
294 ham [1.00000000e+00 2.45038255e-41]
295 ham [1.00000000e+00 1.15298995e-27]
296 spam [3.3637476e-75 1.0000000e+00]
297 ham [1.00000000e+00 2.62635427e-32]
298 ham [1.0000000e+00 1.6035342e-40]
299 ham [1.00000000e+00 3.21876534e-28]
300 ham [1.00000000e+00 1.06721573e-48]
301 ham [1.00000000e+00 3.99109422e-35]
302 ham [1.00000000e+00 5.29068714e-12]
303 ham [1.00000000e+00 5.54657999e-23]
304 ham [1.00000000e+00 6.81464213e-39]
305 spam [6.14516423e-48 1.00000000e+00]
306 ham [1.00000000e+00 6.81421061e-45]
307 ham [1.00000000e+00 6.20597092e-41]
308 ham [1.00000000e+00 9.24620267e-25]
309 spam [9.81801553e-25 1.00000000e+00]
310 ham [1.00000000e+00 2.89006226e-27]
311 ham [9.99999993e-01 7.16927969e-09]
312 spam [6.80402711e-35 1.00000000e+00]
313 ham [1.00000000e+00 2.41654001e-51]
314 ham [1.00000000e+00 5.35820018e-19]
315 ham [1.00000000e+00 4.97632057e-50]
316 ham [1.00000000e+00 6.58810315e-36]
317 ham [1.00000000e+00 5.45040932e-19]
318 ham [1.00000000e+00 7.19966173e-37]
319 spam [2.24755698e-63 1.00000000e+00]
320 ham [1.00000000e+00 1.46391858e-44]
321 ham [1.00000000e+00 8.77288409e-42]
322 ham [1.00000000e+00 2.68230883e-36]
323 ham [0.98599544 0.01400456]
324 ham [1.00000000e+00 5.24638728e-25]
325 ham [1.00000000e+00 3.17635905e-44]
326 ham [1.00000000e+00 1.02698073e-40]
327 ham [1.00000000e+00 1.29365344e-39]
328 ham [1.00000000e+00 1.99952235e-38]
329 ham [1.0000000e+00 1.2648766e-37]
330 ham [1.00000000e+00 4.09527633e-33]
331 ham [1.00000000e+00 7.90359976e-38]
332 ham [1.00000000e+00 4.70177006e-36]
333 spam [1.05671994e-22 1.00000000e+00]
334 spam [2.63350734e-42 1.00000000e+00]
335 spam [1.32426926e-31 1.00000000e+00]
336 ham [1.00000000e+00 3.36733942e-38]
337 ham [1.00000000e+00 8.02571676e-36]
338 ham [1.00000000e+00 1.11521317e-37]
339 ham [1.0000000e+00 5.7022025e-53]
340 ham [1.00000000e+00 7.38162085e-30]
341 ham [1.00000000e+00 1.63652931e-42]
342 ham [0.99001335 0.00998665]
343 ham [1.00000000e+00 9.47079859e-35]
344 ham [1.00000000e+00 2.21793319e-41]
345 ham [1.000000e+00 5.234669e-28]
346 ham [1.00000000e+00 2.39659975e-44]
347 ham [1.0000000e+00 2.2817264e-21]
348 ham [1.00000000e+00 2.87707461e-31]
349 spam [2.02365038e-18 1.00000000e+00]
350 ham [1.00000000e+00 4.79269812e-36]
351 ham [1.00000000e+00 6.63174026e-46]
352 ham [1.00000000e+00 7.79903623e-53]
353 ham [1.00000000e+00 3.44810061e-25]
354 ham [9.99999999e-01 6.53592792e-10]
355 ham [1.0000000e+00 2.2745854e-48]
356 spam [0.34282163 0.65717837]
357 spam [2.20056883e-105 1.00000000e+000]
358 spam [5.30976757e-50 1.00000000e+00]
359 ham [1.00000000e+00 5.48405707e-33]
360 ham [1.00000000e+00 3.31184237e-25]
361 ham [1.00000000e+00 2.37047218e-30]
362 ham [1.00000000e+00 4.62077509e-44]
363 ham [1.00000000e+00 1.36036963e-32]
364 ham [1.00000000e+00 3.59721954e-29]
365 ham [1.00000000e+00 2.91109988e-33]
366 ham [1.00000000e+00 9.15783719e-54]
367 spam [2.31565211e-27 1.00000000e+00]
368 spam [4.00899078e-21 1.00000000e+00]
369 ham [1.00000000e+00 1.08348247e-35]
370 ham [1.00000000e+00 1.84411226e-41]
371 ham [1.00000000e+00 1.85458234e-55]
372 ham [1.00000000e+00 3.77245534e-47]
373 ham [1.00000000e+00 7.20252136e-57]
374 ham [1.00000000e+00 2.18255132e-44]
375 spam [2.16513113e-15 1.00000000e+00]
376 ham [1.00000000e+00 4.30127646e-42]
377 ham [1.00000000e+00 4.88410928e-34]
378 ham [1.00000000e+00 8.19660764e-11]
379 ham [1.00000000e+00 1.04361401e-35]
380 ham [1.00000000e+00 3.91095896e-16]
381 ham [1.00000000e+00 3.98331791e-22]
382 ham [1.00000000e+00 2.16968967e-35]
383 ham [1.0000000e+00 7.4047908e-45]
384 ham [1.00000000e+00 5.95172095e-42]
385 spam [1.3127873e-24 1.0000000e+00]
386 ham [1.00000000e+00 9.28233737e-33]
387 ham [1.00000000e+00 6.69633592e-45]
388 ham [1.0000000e+00 1.3473163e-47]
389 spam [3.89585563e-75 1.00000000e+00]
390 ham [1.0000000e+00 2.2514161e-41]
391 ham [1.00000000e+00 3.06950111e-44]
392 ham [1.00000000e+00 9.96080067e-27]
393 ham [1.00000000e+00 5.33585555e-50]
394 ham [1.00000000e+00 3.89742538e-43]
395 ham [1.00000000e+00 5.95260007e-35]
396 ham [9.99999998e-01 1.72166476e-09]
397 ham [1.0000000e+00 8.6038424e-14]
398 ham [1.00000000e+00 2.88973034e-17]
399 spam [1.6997056e-13 1.0000000e+00]
400 ham [1.00000000e+00 2.34183648e-24]
401 spam [2.16118549e-53 1.00000000e+00]
402 ham [1.00000000e+00 7.40689767e-43]
403 ham [1.00000000e+00 1.88731153e-28]
404 ham [1.00000000e+00 1.11933399e-45]
405 ham [1.00000000e+00 1.34663988e-45]
406 ham [1.00000000e+00 2.15037229e-34]
407 ham [1.00000000e+00 2.48126581e-11]
408 ham [1.00000e+00 9.30411e-36]
409 ham [1.00000000e+00 7.37391213e-39]
410 spam [5.99588614e-10 9.99999999e-01]
411 ham [1.00000000e+00 1.45946816e-28]
412 ham [1.00000000e+00 8.00101886e-45]
413 ham [1.00000000e+00 6.35009887e-30]
414 ham [1.00000000e+00 2.79552113e-40]
415 ham [1.00000000e+00 1.47942435e-18]
416 ham [1.00000000e+00 5.01754619e-42]
417 ham [1.0000000e+00 7.2536438e-36]
418 spam [3.24833175e-38 1.00000000e+00]
419 ham [1.00000000e+00 3.05406846e-40]
420 spam [1.03322243e-37 1.00000000e+00]
421 ham [1.00000000e+00 5.76413778e-38]
422 spam [4.34483834e-45 1.00000000e+00]
423 ham [1.00000000e+00 1.41657253e-27]
424 spam [6.58091257e-49 1.00000000e+00]
425 spam [2.25533251e-12 1.00000000e+00]
426 ham [1.00000000e+00 8.63723352e-51]
427 ham [1.00000000e+00 3.47056206e-45]
428 ham [1.0000000e+00 4.5006126e-29]
429 ham [1.00000000e+00 1.64308537e-35]
430 ham [1.00000000e+00 2.52984568e-19]
431 ham [1.00000000e+00 2.87526219e-46]
432 ham [1.00000000e+00 3.99258324e-16]
433 spam [8.02777489e-50 1.00000000e+00]
434 ham [1.00000000e+00 1.16232988e-33]
435 ham [1.00000000e+00 7.03947411e-54]
436 ham [1.00000000e+00 9.58319468e-53]
437 ham [1.00000000e+00 4.80662196e-32]
438 ham [1.00000000e+00 2.24058327e-35]
439 ham [1.00000000e+00 6.29880475e-20]
440 ham [1.00000000e+00 1.84157676e-45]
441 ham [1.00000000e+00 8.59713516e-36]
442 ham [1.00000000e+00 6.08043121e-40]
443 ham [1.00000000e+00 2.52862399e-42]
444 ham [1.00000000e+00 3.74673646e-53]
445 ham [1.00000000e+00 2.06835684e-14]
446 ham [1.00000000e+00 2.38823457e-47]
447 ham [1.00000000e+00 1.58805603e-29]
448 ham [1.00000000e+00 8.97999105e-35]
449 ham [1.00000000e+00 1.10559736e-32]
450 ham [1.0000000e+00 4.5795492e-41]
451 ham [1.00000000e+00 1.09608005e-34]
452 ham [1.00000000e+00 9.08159634e-52]
453 ham [1.00000000e+00 2.69881509e-25]
454 ham [1.00000000e+00 9.69859567e-31]
455 spam [3.17372341e-16 1.00000000e+00]
456 ham [1.00000000e+00 4.32339668e-29]
457 ham [1.00000000e+00 2.66828295e-31]
458 ham [1.00000000e+00 5.03531131e-15]
459 ham [1.00000000e+00 1.51214717e-33]
460 ham [1.00000000e+00 9.67449288e-19]
461 ham [1.00000000e+00 4.01629502e-33]
462 ham [1.00000000e+00 3.01244305e-29]
463 spam [9.88686785e-76 1.00000000e+00]
464 ham [1.00000000e+00 1.26043806e-50]
465 ham [1.00000000e+00 1.86314221e-41]
466 ham [1.00000000e+00 7.28259799e-31]
467 ham [1.00000000e+00 6.27954806e-25]
468 ham [1.00000000e+00 2.01707589e-39]
469 ham [1.00000000e+00 3.68477751e-35]
470 ham [1.0000000e+00 1.0615636e-34]
471 spam [1.8487358e-44 1.0000000e+00]
472 ham [1.00000000e+00 6.62985674e-30]
473 ham [9.99995901e-01 4.09876749e-06]
474 spam [4.76489762e-60 1.00000000e+00]
475 ham [1.00000000e+00 3.66188022e-13]
476 ham [1.00000000e+00 3.84366792e-42]
477 ham [1.00000000e+00 2.00582609e-42]
478 ham [1.00000000e+00 7.19838253e-38]
479 ham [1.00000000e+00 2.40213715e-45]
480 ham [1.0000000e+00 1.2397083e-36]
481 ham [1.00000000e+00 3.46880329e-43]
482 ham [1.00000000e+00 3.51544296e-39]
483 ham [1.00000000e+00 7.38426723e-44]
484 ham [1.00000000e+00 1.03678504e-35]
485 ham [1.0000000e+00 8.7689611e-24]
486 ham [1.00000000e+00 4.99036004e-37]
487 spam [1.25998671e-27 1.00000000e+00]
488 ham [1.00000000e+00 2.91468985e-36]
489 ham [1.00000000e+00 3.10443001e-22]
490 ham [1.00000000e+00 7.14942626e-48]
491 ham [1.00000000e+00 3.48755116e-23]
492 spam [2.49780636e-91 1.00000000e+00]
493 ham [1.00000000e+00 1.86521295e-52]
494 ham [1.00000000e+00 6.10373551e-53]
495 ham [1.00000000e+00 1.68576338e-41]
496 ham [1.00000000e+00 8.62492549e-39]
497 ham [1.00000000e+00 2.85558075e-37]
498 ham [1.00000000e+00 9.24650862e-27]
499 ham [1.00000000e+00 3.03389568e-32]
500 ham [1.00000000e+00 7.15804355e-45]
501 spam [2.85101639e-10 1.00000000e+00]
502 ham [1.00000000e+00 3.54635727e-44]
503 ham [1.00000000e+00 5.25744536e-35]
504 ham [1.0000000e+00 2.2664411e-22]
505 spam [2.53211397e-66 1.00000000e+00]
506 ham [1.00000000e+00 5.44182194e-27]
507 ham [1.00000000e+00 3.08745611e-23]
508 ham [1.00000000e+00 4.42513705e-36]
509 ham [1.00000000e+00 3.57387144e-37]
510 spam [0.01548758 0.98451242]
511 ham [1.00000000e+00 3.20708851e-15]
512 ham [1.00000000e+00 2.38181008e-35]
513 ham [1.0000000e+00 3.5333619e-34]
514 ham [1.00000000e+00 4.06069279e-32]
515 spam [4.02953902e-78 1.00000000e+00]
516 ham [1.00000000e+00 2.31053802e-31]
517 spam [4.38057323e-40 1.00000000e+00]
518 spam [1.75590501e-11 1.00000000e+00]
519 ham [1.00000000e+00 1.44407622e-14]
520 ham [1.00000000e+00 1.52800725e-25]
521 ham [1.0000000e+00 2.7751128e-30]
522 ham [1.00000000e+00 3.28289238e-48]
523 ham [1.0000000e+00 5.2584723e-38]
524 ham [1.00000000e+00 2.88048146e-32]
525 spam [3.17019223e-64 1.00000000e+00]
526 ham [1.00000000e+00 4.03042733e-26]
527 spam [5.86140984e-28 1.00000000e+00]
528 ham [1.00000000e+00 1.63457244e-31]
529 spam [2.55586825e-12 1.00000000e+00]
530 ham [1.00000000e+00 1.82945388e-36]
531 spam [4.15374141e-49 1.00000000e+00]
532 ham [1.00000000e+00 7.22071745e-29]
533 ham [1.00000000e+00 9.38618573e-45]
534 ham [1.00000000e+00 2.50332176e-49]
535 ham [1.00000000e+00 7.92101499e-50]
536 ham [1.00000000e+00 1.36279316e-30]
537 ham [1.00000000e+00 4.82157196e-42]
538 ham [1.00000000e+00 1.80024147e-27]
539 ham [1.00000000e+00 1.08623935e-30]
540 ham [1.00000000e+00 1.92092219e-33]
541 spam [9.45742057e-41 1.00000000e+00]
542 spam [6.96694688e-08 9.99999930e-01]
543 ham [1.00000000e+00 3.35815062e-37]
544 ham [1.00000000e+00 4.09080319e-22]
545 ham [1.00000000e+00 8.24172332e-23]
546 ham [1.00000000e+00 7.39586072e-36]
547 ham [1.00000000e+00 8.41648079e-42]
548 ham [1.00000000e+00 9.94460619e-37]
549 ham [1.00000000e+00 2.92686538e-57]
550 ham [1.0000000e+00 4.5651899e-48]
551 spam [6.20704241e-29 1.00000000e+00]
552 ham [1.00000000e+00 1.07746536e-35]
553 ham [9.99999840e-01 1.59549666e-07]
554 ham [1.00000000e+00 4.93664411e-43]
555 ham [9.99950210e-01 4.97895623e-05]
556 ham [1.00000000e+00 3.91862548e-25]
557 ham [1.00000000e+00 1.67518249e-35]
558 ham [1.0000000e+00 2.2124032e-47]
559 ham [1.00000000e+00 4.86865592e-42]
560 ham [1.00000000e+00 7.64286886e-16]
561 ham [1.0000000e+00 3.0694302e-48]
562 ham [1.00000000e+00 2.45065504e-44]
563 ham [1.00000000e+00 8.12842075e-45]
564 spam [3.89456073e-83 1.00000000e+00]
565 ham [1.00000000e+00 9.06138203e-58]
566 ham [9.99995978e-01 4.02221873e-06]
567 ham [1.00000000e+00 4.40589177e-31]
568 ham [1.00000000e+00 1.03558527e-30]
569 ham [1.00000000e+00 1.08941617e-25]
570 ham [1.00000000e+00 1.16751591e-37]
571 ham [1.00000000e+00 4.98202677e-32]
572 ham [1.00000000e+00 7.23121526e-40]
573 ham [1.00000000e+00 1.85179288e-41]
574 ham [1.00000000e+00 1.17243425e-33]
575 ham [1.00000000e+00 8.59158329e-36]
576 spam [2.38706375e-37 1.00000000e+00]
577 ham [1.00000000e+00 4.09801082e-34]
578 ham [1.00000000e+00 1.05972273e-40]
579 spam [2.34579328e-19 1.00000000e+00]
580 ham [1.00000000e+00 6.93726586e-13]
581 ham [1.00000000e+00 9.18425142e-38]
582 ham [1.00000e+00 6.94199e-47]
583 spam [6.03410717e-60 1.00000000e+00]
584 ham [1.00000000e+00 3.93910851e-37]
585 ham [1.00000000e+00 8.89549433e-31]
586 ham [1.00000000e+00 1.42635076e-31]
587 ham [1.0000000e+00 2.0173504e-30]
588 ham [1.00000000e+00 4.47262428e-24]
589 ham [1.00000000e+00 1.51370252e-32]
590 ham [1.00000000e+00 8.17365605e-48]
591 spam [2.47520112e-58 1.00000000e+00]
592 spam [3.49821349e-71 1.00000000e+00]
593 spam [6.02927968e-43 1.00000000e+00]
594 ham [1.00000000e+00 2.68166654e-33]
595 spam [3.40265369e-13 1.00000000e+00]
596 ham [1.00000000e+00 1.16980954e-49]
597 ham [1.00000000e+00 4.03487037e-45]
598 spam [0.00575321 0.99424679]
599 ham [1.00000000e+00 1.48026757e-20]
600 ham [1.00000000e+00 6.44517878e-39]
601 ham [9.99798806e-01 2.01194128e-04]
602 ham [1.00000000e+00 3.39427752e-50]
603 ham [1.0000000e+00 2.2368179e-32]
604 ham [1.00000000e+00 1.22077342e-46]
605 ham [1.00000000e+00 3.36915538e-43]
606 ham [1.00000000e+00 5.96030325e-39]
607 spam [1.16891689e-09 9.99999999e-01]
608 ham [1.0000000e+00 1.6535978e-37]
609 ham [1.00000000e+00 1.49947682e-43]
610 ham [1.00000000e+00 1.49725116e-31]
611 spam [1.20976425e-19 1.00000000e+00]
612 ham [0.99786441 0.00213559]
613 ham [1.00000000e+00 6.93111277e-42]
614 ham [1.00000000e+00 2.39628642e-15]
615 ham [1.00000000e+00 1.11711209e-28]
616 ham [1.00000000e+00 4.20556435e-16]
617 ham [1.00000000e+00 2.12986134e-24]
618 ham [1.00000000e+00 8.07927439e-39]
619 ham [1.00000000e+00 4.42726537e-35]
620 ham [1.00000000e+00 2.83727489e-14]
621 ham [1.00000000e+00 1.16031291e-59]
622 ham [1.00000000e+00 1.21644099e-34]
623 ham [1.00000000e+00 2.23906136e-22]
624 ham [1.00000000e+00 1.98624768e-47]
625 ham [1.00000000e+00 2.41862908e-29]
626 ham [1.00000000e+00 1.80587915e-17]
627 ham [1.00000000e+00 6.85649215e-22]
628 ham [1.00000000e+00 4.95243763e-34]
629 spam [3.84479165e-24 1.00000000e+00]
630 spam [2.93776182e-44 1.00000000e+00]
631 ham [1.00000000e+00 6.57011952e-48]
632 ham [1.00000000e+00 9.92187837e-39]
633 ham [1.00000000e+00 3.28594288e-32]
634 ham [1.00000000e+00 1.09133185e-30]
635 spam [4.40929784e-79 1.00000000e+00]
636 ham [1.00000000e+00 8.60514791e-41]
637 ham [1.00000000e+00 7.28974026e-36]
638 ham [1.00000000e+00 3.45097437e-44]
639 ham [1.00000000e+00 6.40972357e-37]
640 ham [1.00000000e+00 2.52427494e-28]
641 ham [1.00000000e+00 3.82362383e-45]
642 ham [1.00000000e+00 1.15466807e-29]
643 ham [1.00000000e+00 1.44139649e-41]
644 ham [1.00000000e+00 2.86114564e-37]
645 ham [9.99203341e-01 7.96659030e-04]
646 ham [1.00000000e+00 1.44552119e-30]
647 ham [1.00000000e+00 9.56155306e-44]
648 spam [6.5601988e-42 1.0000000e+00]
649 ham [1.00000000e+00 1.66344391e-32]
650 spam [1.11148317e-70 1.00000000e+00]
651 ham [1.00000000e+00 1.61897729e-23]
652 ham [1.00000000e+00 2.24996092e-27]
653 ham [1.00000000e+00 2.03402455e-38]
654 ham [1.00000000e+00 1.45615066e-47]
655 ham [1.00000000e+00 1.24500215e-49]
656 ham [1.00000000e+00 1.88027533e-35]
657 ham [9.99999895e-01 1.05228305e-07]
658 ham [1.00000000e+00 1.97694959e-47]
659 ham [1.00000000e+00 7.64982103e-32]
660 ham [1.00000000e+00 5.45820561e-19]
661 spam [7.08607336e-04 9.99291393e-01]
662 ham [1.00000000e+00 1.79410801e-36]
663 ham [1.00000000e+00 1.94598227e-44]
664 ham [1.00000000e+00 1.89243988e-30]
665 ham [1.00000000e+00 1.09622151e-28]
666 ham [1.0000000e+00 4.7090205e-28]
667 ham [1.00000000e+00 2.34027453e-59]
668 ham [1.00000000e+00 5.08860349e-47]
669 ham [1.00000000e+00 2.41473681e-46]
670 ham [1.0000000e+00 4.0020184e-35]
671 ham [1.00000000e+00 9.45916579e-31]
672 spam [6.02044629e-11 1.00000000e+00]
673 spam [2.53709798e-41 1.00000000e+00]
674 ham [1.00000000e+00 2.77669551e-67]
675 ham [1.00000000e+00 2.15158139e-66]
676 ham [1.00000000e+00 1.77095255e-45]
677 ham [1.00000000e+00 4.58299934e-14]
678 ham [1.00000000e+00 3.28408257e-41]
679 ham [1.00000000e+00 1.50695836e-39]
680 ham [1.00000000e+00 1.19047161e-37]
681 ham [1.00000000e+00 1.05341006e-32]
682 ham [1.0000000e+00 2.4282554e-36]
683 ham [1.00000000e+00 1.48848846e-35]
684 ham [0.67060012 0.32939988]
685 ham [1.00000000e+00 8.83198743e-37]
686 ham [1.00000000e+00 1.25122874e-41]
687 ham [1.00000000e+00 7.53802297e-11]
688 spam [0.40361295 0.59638705]
689 ham [1.00000000e+00 1.84963019e-35]
690 ham [1.00000000e+00 1.88669527e-17]
691 ham [1.00000000e+00 1.82150406e-36]
692 ham [9.99982980e-01 1.70197951e-05]
693 ham [1.00000000e+00 1.05640352e-39]
694 ham [1.00000000e+00 8.59558822e-17]
695 ham [1.00000000e+00 4.28998037e-22]
696 ham [1.00000000e+00 7.09487795e-38]
697 ham [1.00000000e+00 2.60652649e-30]
698 ham [1.00000000e+00 1.87708251e-31]
699 ham [1.00000000e+00 2.77411672e-45]
700 ham [1.00000000e+00 3.35495727e-23]
701 ham [1.00000000e+00 3.12148692e-40]
702 ham [1.00000000e+00 2.10839034e-54]
703 ham [1.00000000e+00 3.16962513e-23]
704 ham [1.00000000e+00 1.22573489e-28]
705 ham [1.00000000e+00 1.63489182e-48]
706 ham [1.00000000e+00 4.84244518e-41]
707 ham [1.00000000e+00 6.43602149e-36]
708 ham [1.0000000e+00 2.4926957e-44]
709 spam [3.96466646e-34 1.00000000e+00]
710 spam [4.31906494e-93 1.00000000e+00]
711 spam [2.03108559e-36 1.00000000e+00]
712 ham [1.00000000e+00 7.31472648e-13]
713 ham [1.00000000e+00 4.21878644e-13]
714 ham [1.00000000e+00 6.85952788e-25]
715 ham [1.00000000e+00 1.52334803e-37]
716 ham [1.00000000e+00 2.68422684e-45]
717 spam [2.63928509e-58 1.00000000e+00]
718 ham [1.00000000e+00 1.69056007e-36]
719 spam [2.27936937e-105 1.00000000e+000]
720 ham [1.0000000e+00 1.3117614e-31]
721 ham [1.0000000e+00 1.0041241e-39]
722 ham [1.00000000e+00 9.87442398e-43]
723 ham [1.00000000e+00 6.38821173e-35]
724 ham [1.00000000e+00 4.97729327e-30]
725 ham [1.00000000e+00 2.89699086e-23]
726 ham [1.00000000e+00 7.33703231e-31]
727 ham [1.0000000e+00 2.0446541e-53]
728 ham [1.00000000e+00 3.19005818e-24]
729 ham [1.00000000e+00 3.91139571e-27]
730 ham [1.0000000e+00 4.3416012e-46]
731 ham [9.99999999e-01 7.00258715e-10]
732 ham [1.00000000e+00 2.32907453e-34]
733 ham [1.00000000e+00 9.02021081e-25]
734 ham [1.00000000e+00 1.76240748e-12]
735 ham [9.99999999e-01 8.35638517e-10]
736 ham [1.00000000e+00 3.21591124e-42]
737 ham [1.00000000e+00 1.63408756e-37]
738 spam [7.76186323e-58 1.00000000e+00]
739 ham [1.00000000e+00 2.39492247e-41]
740 ham [0.84327217 0.15672783]
741 ham [1.00000000e+00 4.12953221e-57]
742 ham [1.00000000e+00 7.68102834e-39]
743 ham [1.00000000e+00 1.56463532e-34]
744 ham [1.00000000e+00 6.30512129e-32]
745 ham [1.00000000e+00 5.18537293e-25]
746 ham [1.00000000e+00 1.59748808e-39]
747 ham [1.00000000e+00 6.20209317e-37]
748 spam [0.08133409 0.91866591]
749 ham [1.00000000e+00 1.10460965e-38]
