0 ham [1.00000000e+00 3.22059924e-15]
1 ham [1.00000000e+00 6.11965124e-43]
2 spam [1.51928768e-85 1.00000000e+00]
3 ham [1.00000000e+00 3.01181283e-45]
4 ham [1.00000000e+00 3.54447283e-50]
5 ham [1.00000000e+00 9.43121141e-13]
6 ham [1.00000000e+00 2.29613357e-29]
7 ham [1.00000000e+00 2.92457144e-63]
8 spam [4.78789078e-90 1.00000000e+00]
9 spam [3.57493882e-73 1.00000000e+00]
10 ham [1.00000000e+00 1.12921097e-47]
11 spam [1.09984625e-74 1.00000000e+00]
12 spam [3.43532437e-79 1.00000000e+00]
13 ham [1.00000000e+00 4.55914866e-24]
14 ham [1.00000000e+00 4.05704361e-34]
15 spam [1.17513699e-23 1.00000000e+00]
16 ham [1.00000000e+00 5.59524253e-56]
17 ham [1.0000000e+00 1.9865197e-37]
18 ham [1.00000000e+00 5.89338117e-43]
19 spam [7.07369783e-50 1.00000000e+00]
20 ham [1.00000000e+00 3.52369025e-37]
21 ham [1.0000000e+00 1.8463308e-32]
22 ham [1.00000000e+00 2.34692912e-40]
23 ham [1.00000000e+00 2.15648844e-41]
24 ham [1.00000000e+00 1.34836681e-38]
25 ham [1.00000000e+00 1.70938698e-18]
26 ham [1.00000000e+00 9.78488155e-42]
27 ham [1.00000000e+00 1.06118531e-20]
28 ham [1.00000000e+00 3.50267556e-66]
29 ham [1.00000000e+00 2.14435529e-41]
30 ham [1.0000000e+00 8.6193784e-36]
31 ham [9.9999957e-01 4.3027698e-07]
32 ham [1.0000000e+00 1.7051643e-48]
33 ham [1.00000000e+00 6.74637163e-21]
34 spam [1.93935538e-31 1.00000000e+00]
35 ham [1.00000000e+00 4.45349673e-40]
36 ham [1.00000000e+00 1.07578168e-52]
37 ham [1.00000000e+00 7.78960668e-48]
38 ham [1.00000000e+00 3.60966973e-44]
39 ham [1.00000000e+00 3.05738968e-50]
40 ham [1.00000000e+00 2.44722291e-47]
41 ham [1.00000000e+00 3.65257294e-53]
42 spam [1.08036247e-39 1.00000000e+00]
43 ham [1.00000000e+00 1.05090331e-34]
44 ham [1.00000000e+00 4.39313073e-57]
45 ham [1.00000000e+00 9.35840229e-44]
46 ham [1.00000000e+00 9.01436581e-36]
47 ham [1.00000000e+00 7.69020924e-38]
48 ham [1.00000000e+00 4.62880982e-49]
49 ham [1.00000000e+00 6.33131264e-22]
50 ham [1.00000000e+00 3.65501531e-49]
51 ham [1.00000000e+00 4.22351845e-41]
52 ham [1.00000000e+00 9.34605077e-27]
53 ham [1.00000000e+00 6.73464711e-34]
54 spam [1.14050661e-35 1.00000000e+00]
55 ham [1.00000000e+00 4.62015243e-39]
56 spam [2.55186695e-110 1.00000000e+000]
57 ham [1.00000000e+00 3.61188509e-63]
58 ham [1.00000000e+00 3.33710273e-45]
59 ham [1.00000000e+00 8.09536966e-33]
60 ham [1.00000000e+00 1.33680825e-33]
61 ham [1.00000000e+00 6.57963533e-32]
62 ham [1.00000000e+00 2.33133286e-38]
63 ham [1.00000000e+00 2.21057015e-57]
64 ham [1.00000000e+00 1.25068191e-47]
65 spam [3.70062253e-27 1.00000000e+00]
66 ham [1.00000000e+00 9.58101389e-28]
67 spam [6.27227747e-65 1.00000000e+00]
68 ham [1.00000000e+00 4.34077803e-33]
69 ham [1.00000000e+00 3.06902191e-41]
70 ham [1.00000000e+00 1.04353196e-43]
71 ham [1.00000000e+00 4.12984491e-44]
72 ham [1.00000000e+00 1.62439286e-13]
73 ham [1.00000000e+00 3.60060044e-49]
74 ham [1.00000000e+00 1.07085513e-46]
75 ham [1.00000000e+00 5.82771753e-37]
76 ham [1.00000000e+00 2.97830295e-50]
77 ham [1.00000000e+00 5.45740327e-46]
78 ham [1.00000000e+00 3.37153783e-52]
79 ham [1.00000000e+00 2.13478195e-47]
80 ham [1.00000000e+00 1.07990888e-62]
81 ham [1.0000000e+00 7.3848075e-49]
82 ham [1.00000000e+00 4.38575519e-55]
83 ham [1.00000000e+00 6.31907393e-52]
84 ham [1.00000000e+00 2.35439888e-37]
85 ham [1.00000000e+00 1.72530824e-38]
86 ham [1.00000000e+00 3.68803278e-29]
87 ham [1.00000000e+00 6.03599276e-19]
88 ham [1.00000000e+00 2.87766519e-43]
89 ham [1.00000000e+00 8.04911776e-32]
90 ham [1.00000000e+00 8.84264582e-31]
91 ham [1.00000000e+00 5.85571765e-34]
92 spam [0.01015766 0.98984234]
93 spam [2.80946936e-88 1.00000000e+00]
94 ham [1.00000000e+00 1.83511051e-34]
95 spam [8.44863202e-42 1.00000000e+00]
96 ham [1.00000000e+00 2.16831651e-40]
97 ham [1.0000000e+00 8.9808826e-42]
98 ham [1.00000000e+00 5.04182041e-20]
99 ham [1.0000000e+00 7.2463605e-45]
100 ham [1.00000000e+00 3.89090828e-41]
101 ham [1.0000000e+00 1.4862491e-22]
102 ham [1.00000000e+00 3.92458494e-38]
103 ham [1.00000000e+00 3.14880663e-40]
104 ham [1.00000000e+00 2.68933133e-14]
105 ham [1.00000000e+00 2.21083415e-40]
106 ham [1.00000000e+00 2.37474399e-27]
107 ham [1.00000000e+00 2.43878135e-47]
108 ham [1.00000000e+00 2.68379651e-31]
109 ham [1.00000000e+00 9.32053041e-31]
110 ham [1.0000000e+00 4.5855299e-50]
111 ham [1.00000000e+00 1.62609037e-35]
112 ham [1.00000000e+00 5.04667854e-38]
113 ham [1.00000000e+00 1.77696937e-40]
114 spam [2.87291963e-113 1.00000000e+000]
115 ham [1.00000000e+00 4.83048389e-24]
116 ham [1.00000000e+00 7.35949669e-62]
117 spam [4.51235763e-99 1.00000000e+00]
118 ham [1.00000000e+00 9.95877393e-12]
119 ham [1.00000000e+00 9.80808652e-39]
120 spam [6.03205232e-64 1.00000000e+00]
121 spam [5.84445136e-79 1.00000000e+00]
122 ham [1.00000000e+00 8.44870561e-38]
123 spam [4.16133141e-54 1.00000000e+00]
124 ham [1.00000000e+00 1.17499871e-39]
125 ham [1.00000000e+00 1.08115022e-44]
126 ham [1.00000000e+00 6.05379247e-46]
127 ham [1.0000000e+00 3.5249955e-33]
128 ham [1.00000000e+00 2.31737482e-52]
129 spam [2.12814108e-32 1.00000000e+00]
130 ham [1.00000000e+00 4.80174847e-49]
131 ham [1.00000000e+00 1.01299369e-54]
132 ham [1.00000000e+00 4.18686325e-34]
133 ham [1.00000000e+00 1.16179621e-40]
134 spam [4.04807827e-14 1.00000000e+00]
135 spam [4.27054081e-69 1.00000000e+00]
136 ham [1.0000000e+00 7.3937053e-27]
137 ham [1.00000000e+00 4.69409615e-46]
138 ham [1.00000000e+00 3.40956893e-42]
139 spam [1.18695997e-30 1.00000000e+00]
140 ham [1.00000000e+00 1.56219705e-44]
141 ham [1.00000000e+00 3.14394157e-49]
142 ham [1.0000000e+00 9.1555435e-39]
143 ham [1.00000000e+00 4.00715013e-10]
144 ham [1.00000000e+00 2.50456908e-53]
145 ham [1.00000000e+00 7.52847055e-41]
146 ham [1.00000000e+00 6.80396685e-30]
147 spam [8.32952213e-20 1.00000000e+00]
148 ham [1.00000000e+00 3.56839892e-26]
149 ham [1.00000000e+00 1.69024282e-43]
150 ham [1.0000000e+00 6.0547343e-45]
151 ham [1.00000000e+00 4.54322929e-47]
152 ham [1.00000000e+00 9.10036053e-42]
153 ham [1.00000000e+00 6.76763545e-42]
154 ham [1.00000000e+00 3.14880663e-40]
155 spam [0.00190189 0.99809811]
156 ham [1.00000000e+00 1.82432464e-44]
157 ham [1.0000000e+00 4.4744727e-49]
158 ham [1.0000000e+00 2.3697934e-54]
159 spam [3.54208917e-11 1.00000000e+00]
160 spam [1.75461291e-86 1.00000000e+00]
161 ham [1.0000000e+00 5.3270441e-57]
162 ham [1.00000000e+00 3.05434891e-31]
163 ham [1.00000000e+00 1.71699073e-43]
164 spam [2.15787292e-75 1.00000000e+00]
165 spam [1.07615465e-19 1.00000000e+00]
166 ham [1.00000000e+00 3.40108284e-32]
167 spam [6.56459717e-92 1.00000000e+00]
168 ham [1.00000000e+00 1.28195713e-25]
169 ham [1.00000000e+00 1.68282522e-33]
170 ham [1.00000000e+00 4.38673138e-36]
171 ham [1.00000000e+00 1.02989684e-43]
172 ham [1.00000000e+00 1.33860352e-37]
173 ham [1.00000000e+00 1.99682003e-53]
174 ham [1.00000000e+00 4.09507247e-21]
175 ham [1.00000000e+00 2.64466727e-65]
176 ham [1.00000000e+00 4.58915246e-55]
177 ham [1.00000000e+00 6.67409968e-45]
178 ham [1.00000000e+00 1.03536636e-55]
179 ham [1.00000000e+00 4.08154644e-41]
180 spam [0.00722492 0.99277508]
181 ham [1.0000000e+00 3.6051733e-25]
182 ham [1.00000000e+00 5.02794937e-45]
183 ham [1.00000000e+00 6.56851264e-53]
184 ham [1.00000000e+00 6.48752917e-44]
185 ham [1.00000000e+00 2.00290312e-42]
186 ham [1.00000000e+00 5.48971804e-26]
187 ham [1.00000000e+00 3.00699629e-47]
188 spam [6.66550374e-91 1.00000000e+00]
189 ham [1.00000000e+00 9.58776684e-46]
190 ham [1.00000000e+00 1.55521107e-44]
191 ham [1.00000000e+00 7.87199116e-18]
192 ham [1.00000000e+00 5.64234136e-36]
193 ham [1.00000000e+00 5.13314434e-37]
194 ham [1.00000000e+00 3.29780805e-16]
195 ham [1.00000000e+00 9.73575969e-49]
196 ham [1.00000000e+00 8.73834901e-48]
197 ham [1.00000000e+00 3.99662564e-54]
198 ham [1.00000000e+00 7.77339236e-21]
199 ham [1.00000000e+00 4.48193621e-45]
200 ham [1.00000000e+00 4.33448111e-53]
201 ham [1.00000000e+00 3.91630357e-59]
202 ham [1.00000000e+00 1.08094648e-34]
203 ham [1.0000000e+00 2.1826496e-17]
204 ham [1.00000000e+00 1.33663192e-37]
205 ham [1.00000000e+00 1.01024275e-41]
206 ham [1.00000000e+00 2.08165689e-37]
207 ham [1.00000000e+00 1.74344193e-62]
208 ham [1.00000000e+00 8.70284951e-39]
209 ham [1.0000000e+00 1.5415149e-34]
210 ham [1.00000000e+00 1.21956118e-41]
211 ham [1.00000000e+00 1.18360807e-45]
212 ham [1.00000000e+00 9.48856914e-42]
213 ham [1.00000000e+00 3.67924048e-47]
214 ham [1.00000000e+00 1.82340715e-47]
215 ham [1.00000000e+00 1.77834225e-48]
216 ham [1.00000000e+00 3.96353088e-27]
217 ham [1.00000000e+00 1.24093031e-36]
218 ham [1.0000000e+00 1.0857435e-37]
219 ham [1.00000000e+00 9.47954276e-48]
220 ham [1.00000000e+00 2.56193086e-53]
221 ham [1.00000000e+00 1.17115678e-51]
222 ham [9.99999993e-01 7.40754384e-09]
223 ham [1.0000000e+00 3.7622976e-64]
224 ham [1.00000000e+00 8.79394722e-25]
225 spam [8.34587763e-63 1.00000000e+00]
226 ham [1.00000000e+00 3.63163193e-51]
227 spam [1.75720216e-20 1.00000000e+00]
228 ham [1.00000000e+00 2.93348708e-35]
229 ham [1.00000000e+00 5.20384403e-14]
230 ham [1.00000000e+00 1.31691293e-47]
231 ham [1.00000000e+00 7.81153994e-23]
232 ham [1.00000000e+00 5.48308356e-39]
233 ham [1.0000000e+00 4.7344084e-50]
234 ham [1.00000000e+00 1.29439912e-43]
235 spam [8.317522e-40 1.000000e+00]
236 ham [1.00000000e+00 2.08232126e-58]
237 ham [1.00000000e+00 1.07954724e-38]
238 ham [1.00000000e+00 1.40010136e-46]
239 ham [1.00000000e+00 5.96601353e-21]
240 spam [6.55025338e-08 9.99999934e-01]
241 ham [1.00000000e+00 6.66068785e-40]
242 ham [1.00000000e+00 5.57218495e-27]
243 ham [1.00000000e+00 2.99250294e-25]
244 ham [1.00000000e+00 1.07760474e-37]
245 ham [1.0000000e+00 3.5959629e-42]
246 ham [1.00000000e+00 5.54653183e-48]
247 ham [1.00000000e+00 6.92911148e-34]
248 ham [1.00000000e+00 1.81357487e-27]
249 ham [1.00000000e+00 1.57417142e-33]
250 spam [3.0067702e-120 1.0000000e+000]
251 ham [1.00000000e+00 1.25942342e-29]
252 ham [1.00000000e+00 8.37475798e-13]
253 ham [1.00000000e+00 2.80518809e-55]
254 spam [8.39176869e-07 9.99999161e-01]
255 ham [1.00000000e+00 2.18497153e-56]
256 ham [1.00000000e+00 6.70151376e-38]
257 ham [1.00000000e+00 1.87011411e-35]
258 ham [1.00000000e+00 1.25133807e-56]
259 spam [3.26775091e-61 1.00000000e+00]
260 ham [1.00000000e+00 2.83508732e-41]
261 ham [1.00000000e+00 7.29721397e-48]
262 ham [1.00000000e+00 7.12387046e-48]
263 ham [1.0000000e+00 1.3420221e-11]
264 spam [3.54689395e-13 1.00000000e+00]
265 ham [1.00000000e+00 4.86147116e-43]
266 ham [1.0000000e+00 5.4302895e-33]
267 ham [1.00000000e+00 5.72264815e-42]
268 spam [6.01853235e-103 1.00000000e+000]
269 ham [1.00000000e+00 1.30440974e-36]
270 spam [6.76253694e-29 1.00000000e+00]
271 ham [1.00000000e+00 9.99527773e-24]
272 ham [1.00000000e+00 3.39826031e-14]
273 spam [1.88817742e-45 1.00000000e+00]
274 ham [1.00000000e+00 5.41082509e-48]
275 ham [1.00000000e+00 1.75667701e-38]
276 ham [1.00000000e+00 6.08492401e-46]
277 ham [1.00000000e+00 2.43687872e-32]
278 ham [1.0000000e+00 5.5093741e-61]
279 ham [1.00000000e+00 3.54194691e-49]
280 ham [1.00000000e+00 1.76325658e-30]
281 ham [1.00000000e+00 3.42030555e-39]
282 ham [1.00000000e+00 4.60551159e-25]
283 ham [1.00000000e+00 5.16550811e-48]
284 ham [1.00000000e+00 2.08712894e-43]
285 ham [1.00000000e+00 7.74883734e-46]
286 ham [1.00000000e+00 1.38630733e-47]
287 ham [1.00000000e+00 3.95629558e-48]
288 ham [1.00000000e+00 1.16306285e-17]
289 ham [1.00000000e+00 8.06688438e-35]
290 ham [1.00000000e+00 1.74125329e-15]
291 ham [1.00000000e+00 2.92010973e-34]
292 ham [1.00000000e+00 1.32993593e-34]
293 ham [1.00000000e+00 4.30234769e-46]
294 ham [1.0000000e+00 2.6132831e-47]
295 ham [1.00000000e+00 7.62901531e-31]
296 spam [3.83870014e-103 1.00000000e+000]
297 ham [1.00000000e+00 7.96781987e-29]
298 ham [1.00000000e+00 3.98994264e-31]
299 ham [1.00000000e+00 6.67304062e-38]
300 ham [1.00000000e+00 4.89478287e-52]
301 ham [1.00000000e+00 1.06498875e-33]
302 ham [1.00000000e+00 8.81763272e-14]
303 ham [1.00000000e+00 4.18568914e-27]
304 ham [1.00000000e+00 2.57402383e-45]
305 spam [7.43446377e-59 1.00000000e+00]
306 ham [1.00000000e+00 5.27083686e-51]
307 ham [1.00000000e+00 1.36325572e-45]
308 ham [1.00000000e+00 5.49104249e-27]
309 spam [2.65582127e-26 1.00000000e+00]
310 ham [1.00000000e+00 1.59244692e-32]
311 spam [6.27935650e-08 9.99999937e-01]
312 spam [4.94124784e-54 1.00000000e+00]
313 ham [1.00000000e+00 1.38237361e-58]
314 ham [1.00000000e+00 4.97139735e-25]
315 ham [1.00000000e+00 3.79075007e-51]
316 ham [1.00000000e+00 3.59641509e-40]
317 ham [1.00000000e+00 8.38797014e-26]
318 ham [1.00000000e+00 2.05943078e-45]
319 spam [7.88232827e-83 1.00000000e+00]
320 ham [1.00000000e+00 3.14624386e-47]
321 ham [1.00000000e+00 3.17260134e-42]
322 ham [1.00000000e+00 3.89732754e-41]
323 ham [9.99999970e-01 2.98768736e-08]
324 ham [1.00000000e+00 4.34310615e-25]
325 ham [1.00000000e+00 3.47780199e-51]
326 ham [1.00000000e+00 9.36401168e-44]
327 ham [1.00000000e+00 1.70814172e-43]
328 ham [1.00000000e+00 4.92148367e-45]
329 ham [1.00000000e+00 1.92301922e-45]
330 ham [1.00000000e+00 1.44089654e-43]
331 ham [1.00000000e+00 1.72581545e-41]
332 ham [1.00000000e+00 3.12730184e-36]
333 spam [2.14274542e-24 1.00000000e+00]
334 spam [6.96987511e-37 1.00000000e+00]
335 spam [5.45329757e-39 1.00000000e+00]
336 ham [1.00000000e+00 9.88950806e-44]
337 ham [1.00000000e+00 4.72307027e-40]
338 ham [1.00000000e+00 2.42551702e-42]
339 ham [1.0000000e+00 2.9650633e-62]
340 ham [1.00000000e+00 1.04618286e-28]
341 ham [1.00000000e+00 4.25935556e-49]
342 ham [1.00000000e+00 8.72345205e-12]
343 ham [1.00000000e+00 8.82787658e-39]
344 ham [1.00000000e+00 6.99212388e-44]
345 ham [1.00000000e+00 6.31068561e-33]
346 ham [1.00000000e+00 2.59675343e-48]
347 ham [1.00000000e+00 3.47195535e-24]
348 ham [1.00000000e+00 5.02293132e-34]
349 spam [3.24296529e-27 1.00000000e+00]
350 ham [1.00000000e+00 4.90764442e-39]
351 ham [1.00000000e+00 1.23918904e-52]
352 ham [1.00000000e+00 1.17466625e-58]
353 ham [1.00000000e+00 1.47370807e-27]
354 ham [1.00000000e+00 2.11408375e-14]
355 ham [1.00000000e+00 1.85104745e-47]
356 spam [4.63325073e-16 1.00000000e+00]
357 spam [8.78171931e-119 1.00000000e+000]
358 spam [7.40480107e-63 1.00000000e+00]
359 ham [1.00000000e+00 2.30130772e-38]
360 ham [1.00000000e+00 1.76490944e-32]
361 ham [1.0000000e+00 2.4436762e-33]
362 ham [1.00000000e+00 4.70170996e-47]
363 ham [1.00000000e+00 4.59907131e-37]
364 ham [1.00000000e+00 5.44661622e-34]
365 ham [1.00000000e+00 4.66750438e-44]
366 ham [1.00000000e+00 1.26399909e-53]
367 spam [1.05101656e-66 1.00000000e+00]
368 spam [2.65397083e-31 1.00000000e+00]
369 ham [1.00000000e+00 4.35418797e-40]
370 ham [1.0000000e+00 2.8036437e-49]
371 ham [1.00000000e+00 2.41586331e-62]
372 ham [1.00000000e+00 1.00143182e-52]
373 ham [1.00000000e+00 9.02763039e-63]
374 ham [1.00000000e+00 5.71715237e-52]
375 spam [4.10884183e-30 1.00000000e+00]
376 ham [1.00000000e+00 2.53840029e-47]
377 ham [1.00000000e+00 4.05395078e-36]
378 ham [1.00000000e+00 9.97929654e-13]
379 ham [1.00000000e+00 1.05891187e-39]
380 ham [1.00000000e+00 1.14314535e-23]
381 ham [1.00000000e+00 2.06864813e-30]
382 ham [1.0000000e+00 4.4188142e-38]
383 ham [1.0000000e+00 2.8314569e-45]
384 ham [1.00000000e+00 2.25210974e-45]
385 spam [6.9790587e-51 1.0000000e+00]
386 ham [1.00000000e+00 2.23908202e-37]
387 ham [1.00000000e+00 9.00582703e-44]
388 ham [1.0000000e+00 1.0989929e-50]
389 spam [1.03674464e-91 1.00000000e+00]
390 ham [1.00000000e+00 7.65400644e-48]
391 ham [1.00000000e+00 8.39618832e-47]
392 ham [1.00000000e+00 1.48182534e-27]
393 ham [1.00000000e+00 1.70953306e-52]
394 ham [1.0000000e+00 7.4468868e-48]
395 ham [1.00000000e+00 1.70158905e-38]
396 ham [9.99999999e-01 5.33083326e-10]
397 ham [1.00000000e+00 1.12817422e-22]
398 ham [1.00000000e+00 8.68967277e-18]
399 spam [7.63179181e-15 1.00000000e+00]
400 ham [1.00000000e+00 1.64189598e-27]
401 spam [4.45472072e-64 1.00000000e+00]
402 ham [1.00000000e+00 6.40779804e-47]
403 ham [1.00000000e+00 1.83516723e-31]
404 ham [1.00000000e+00 1.55708671e-48]
405 ham [1.00000000e+00 7.28374677e-49]
406 ham [1.00000000e+00 1.73520415e-42]
407 ham [1.00000000e+00 6.40865965e-18]
408 ham [1.0000000e+00 2.1466328e-38]
409 ham [1.0000000e+00 3.0424881e-41]
410 spam [4.40999295e-16 1.00000000e+00]
411 ham [1.00000000e+00 2.43764887e-30]
412 ham [1.00000000e+00 3.76934478e-47]
413 ham [1.00000000e+00 2.44390355e-34]
414 ham [1.00000000e+00 3.18015905e-43]
415 ham [1.00000000e+00 4.05947176e-23]
416 ham [1.00000000e+00 5.83931772e-45]
417 ham [1.00000000e+00 1.15264908e-40]
418 spam [4.87928211e-49 1.00000000e+00]
419 ham [1.00000000e+00 2.62822938e-49]
420 spam [2.70137235e-58 1.00000000e+00]
421 ham [1.00000000e+00 7.64113894e-47]
422 spam [1.0287477e-42 1.0000000e+00]
423 ham [1.00000000e+00 3.10473381e-30]
424 spam [1.77404567e-69 1.00000000e+00]
425 spam [5.82077186e-09 9.99999994e-01]
426 ham [1.00000000e+00 2.26543155e-60]
427 ham [1.00000000e+00 2.66081799e-50]
428 ham [1.00000000e+00 1.19668284e-33]
429 ham [1.000000e+00 4.577694e-41]
430 ham [1.00000000e+00 1.29097375e-24]
431 ham [1.00000000e+00 8.70685402e-49]
432 ham [1.00000000e+00 7.50802537e-22]
433 spam [4.08736503e-71 1.00000000e+00]
434 ham [1.00000000e+00 2.27844594e-37]
435 ham [1.00000000e+00 8.64014635e-60]
436 ham [1.00000000e+00 6.29138025e-53]
437 ham [1.00000000e+00 6.81019931e-37]
438 ham [1.00000000e+00 6.09953547e-43]
439 ham [1.00000000e+00 6.65215036e-25]
440 ham [1.00000000e+00 3.65075473e-51]
441 ham [1.00000000e+00 3.58076858e-41]
442 ham [1.00000000e+00 8.07023459e-42]
443 ham [1.00000000e+00 2.36501513e-48]
444 ham [1.00000000e+00 2.33061144e-62]
445 ham [0.98805336 0.01194664]
446 ham [1.00000000e+00 2.82340333e-54]
447 ham [1.00000000e+00 1.18973078e-33]
448 ham [1.00000000e+00 2.14166912e-41]
449 ham [1.00000000e+00 6.61452755e-38]
450 ham [1.00000000e+00 3.04679345e-45]
451 ham [1.00000000e+00 9.21561258e-39]
452 ham [1.00000000e+00 1.75485951e-54]
453 ham [1.00000000e+00 6.28813036e-29]
454 ham [1.00000000e+00 3.83478663e-40]
455 spam [2.65046205e-22 1.00000000e+00]
456 ham [1.00000000e+00 1.16231745e-33]
457 spam [1.58028884e-14 1.00000000e+00]
458 ham [1.00000000e+00 2.19337238e-23]
459 ham [1.00000000e+00 1.93227427e-33]
460 ham [1.00000000e+00 6.08151416e-25]
461 ham [1.00000000e+00 1.38770633e-37]
462 ham [1.00000000e+00 1.61312081e-27]
463 spam [1.14130372e-109 1.00000000e+000]
464 ham [1.00000000e+00 1.14978883e-59]
465 ham [1.00000000e+00 2.66186087e-50]
466 ham [1.00000000e+00 7.89694756e-40]
467 ham [1.00000000e+00 1.20650163e-30]
468 ham [1.00000000e+00 2.74883357e-45]
469 ham [1.00000000e+00 5.09424646e-44]
470 ham [1.00000000e+00 1.35361216e-36]
471 spam [1.78244979e-54 1.00000000e+00]
472 ham [1.00000000e+00 1.12073265e-37]
473 ham [1.00000000e+00 1.03091873e-15]
474 spam [2.15123579e-66 1.00000000e+00]
475 ham [1.00000000e+00 3.41331035e-19]
476 ham [1.00000000e+00 2.12003008e-47]
477 ham [1.00000000e+00 5.18174449e-45]
478 ham [1.00000000e+00 6.18493206e-40]
479 ham [1.00000000e+00 1.11618673e-53]
480 ham [1.00000000e+00 1.32022695e-37]
481 ham [1.00000000e+00 8.25890812e-46]
482 ham [1.00000000e+00 2.47982419e-44]
483 ham [1.00000000e+00 1.58119123e-47]
484 ham [1.00000000e+00 3.69690527e-42]
485 ham [1.00000000e+00 1.14257461e-25]
486 ham [1.00000000e+00 8.29786425e-38]
487 spam [2.18363252e-38 1.00000000e+00]
488 ham [1.00000000e+00 5.70738312e-41]
489 ham [1.00000000e+00 2.00761502e-21]
490 ham [1.00000000e+00 1.88888628e-53]
491 ham [1.00000000e+00 9.46183832e-35]
492 spam [7.5948305e-106 1.0000000e+000]
493 ham [1.00000000e+00 1.08650636e-61]
494 ham [1.00000000e+00 5.85195254e-58]
495 ham [1.00000000e+00 2.15593068e-42]
496 ham [1.00000000e+00 2.65411841e-44]
497 ham [1.00000000e+00 6.78776176e-36]
498 ham [1.00000000e+00 7.66991764e-31]
499 ham [1.00000e+00 1.64987e-36]
500 ham [1.0000000e+00 1.5380969e-48]
501 spam [3.69813410e-06 9.99996302e-01]
502 ham [1.00000000e+00 8.14050991e-47]
503 ham [1.00000000e+00 1.40467242e-36]
504 ham [1.00000000e+00 1.07163947e-27]
505 spam [2.58609102e-78 1.00000000e+00]
506 ham [1.00000000e+00 2.23274469e-31]
507 ham [1.00000000e+00 1.06601171e-27]
508 ham [1.00000000e+00 2.65883017e-40]
509 ham [1.0000000e+00 5.2730376e-42]
510 spam [9.55883457e-09 9.99999990e-01]
511 ham [1.0000000e+00 5.3240225e-26]
512 ham [1.00000000e+00 7.26065747e-40]
513 ham [1.00000000e+00 2.00527953e-39]
514 ham [1.00000000e+00 2.60008189e-35]
515 spam [6.49212596e-98 1.00000000e+00]
516 ham [1.00000000e+00 2.27165282e-32]
517 spam [8.23955632e-60 1.00000000e+00]
518 spam [1.65688478e-12 1.00000000e+00]
519 ham [1.00000000e+00 4.26110531e-25]
520 ham [1.00000000e+00 4.03292272e-30]
521 ham [1.00000000e+00 4.61038939e-35]
522 ham [1.000000e+00 7.644441e-48]
523 ham [1.00000000e+00 1.03196679e-41]
524 ham [1.00000000e+00 1.83544617e-34]
525 spam [1.55901339e-78 1.00000000e+00]
526 ham [1.000000e+00 1.854967e-33]
527 spam [2.9306882e-56 1.0000000e+00]
528 ham [1.00000000e+00 7.94107971e-41]
529 spam [1.81002667e-14 1.00000000e+00]
530 ham [1.00000000e+00 2.45294311e-42]
531 spam [5.15774424e-82 1.00000000e+00]
532 ham [1.00000000e+00 3.96518085e-33]
533 ham [1.00000000e+00 9.12694544e-49]
534 ham [1.00000000e+00 1.81796584e-55]
535 ham [1.00000000e+00 2.30415617e-53]
536 ham [1.00000000e+00 6.89870845e-44]
537 ham [1.00000000e+00 1.64128478e-46]
538 ham [1.00000000e+00 5.51560323e-32]
539 ham [1.00000000e+00 3.67011308e-32]
540 ham [1.00000000e+00 8.04097553e-40]
541 spam [5.53071457e-43 1.00000000e+00]
542 ham [0.71632655 0.28367345]
543 ham [1.00000000e+00 1.13245811e-39]
544 ham [1.00000000e+00 4.99522506e-27]
545 ham [1.00000000e+00 4.00937377e-24]
546 ham [1.00000000e+00 4.81540402e-42]
547 ham [1.00000000e+00 6.50501799e-46]
548 ham [1.0000000e+00 9.1744466e-45]
549 ham [1.00000000e+00 1.81308562e-61]
550 ham [1.00000000e+00 2.78606535e-57]
551 spam [5.22507321e-22 1.00000000e+00]
552 ham [1.00000000e+00 2.93730161e-40]
553 ham [1.00000000e+00 2.22668841e-11]
554 ham [1.00000000e+00 6.62338398e-49]
555 ham [1.00000000e+00 2.40751463e-10]
556 ham [1.00000000e+00 2.29791325e-26]
557 ham [1.00000000e+00 6.48891433e-40]
558 ham [1.00000000e+00 9.20361438e-54]
559 ham [1.00000000e+00 1.62570955e-44]
560 ham [1.00000000e+00 1.58143128e-23]
561 ham [1.00000000e+00 5.17425554e-54]
562 ham [1.00000000e+00 5.52811114e-49]
563 ham [1.00000000e+00 6.87577389e-49]
564 spam [1.79141884e-109 1.00000000e+000]
565 ham [1.00000000e+00 7.91415712e-64]
566 ham [9.99999996e-01 4.23003178e-09]
567 ham [1.00000000e+00 1.14397313e-31]
568 ham [1.00000000e+00 2.02566612e-45]
569 ham [1.00000000e+00 2.02144652e-32]
570 ham [1.00000000e+00 5.55614348e-38]
571 ham [1.00000000e+00 1.63314866e-36]
572 ham [1.00000000e+00 1.31477714e-44]
573 ham [1.000000e+00 3.298493e-47]
574 ham [1.00000000e+00 5.67406222e-40]
575 ham [1.00000000e+00 2.77581342e-40]
576 spam [5.04596004e-38 1.00000000e+00]
577 ham [1.00000000e+00 9.89608465e-44]
578 ham [1.00000000e+00 2.58226905e-45]
579 spam [1.07866421e-11 1.00000000e+00]
580 ham [1.00000000e+00 2.84155813e-16]
581 ham [1.00000000e+00 6.10695421e-44]
582 ham [1.00000000e+00 1.77306107e-54]
583 spam [7.23138267e-49 1.00000000e+00]
584 ham [1.00000000e+00 2.00680062e-42]
585 ham [1.00000000e+00 4.77915412e-35]
586 ham [1.00000000e+00 8.14612883e-40]
587 ham [1.00000000e+00 4.12413915e-36]
588 ham [1.00000000e+00 7.64913274e-26]
589 ham [1.00000000e+00 3.55460242e-38]
590 ham [1.00000000e+00 4.63303428e-54]
591 spam [2.30316238e-65 1.00000000e+00]
592 spam [5.10375189e-89 1.00000000e+00]
593 spam [1.28025574e-72 1.00000000e+00]
594 ham [1.00000000e+00 1.94508764e-34]
595 spam [4.77396582e-12 1.00000000e+00]
596 ham [1.00000000e+00 1.66659069e-58]
597 ham [1.00000000e+00 2.41070092e-49]
598 spam [2.92143636e-06 9.99997079e-01]
599 ham [1.00000000e+00 5.83351719e-23]
600 ham [1.00000000e+00 1.58726568e-45]
601 spam [0.16658763 0.83341237]
602 ham [1.00000000e+00 1.45766933e-53]
603 ham [1.0000000e+00 7.5630587e-35]
604 ham [1.00000000e+00 6.98738415e-52]
605 ham [1.00000000e+00 9.55843846e-45]
606 ham [1.00000000e+00 1.23026527e-30]
607 spam [1.51063317e-28 1.00000000e+00]
608 ham [1.00000000e+00 1.40431198e-44]
609 ham [1.00000000e+00 6.08856916e-44]
610 ham [1.00000000e+00 4.41119495e-36]
611 spam [1.23383574e-38 1.00000000e+00]
612 ham [9.99999508e-01 4.92028818e-07]
613 ham [1.00000000e+00 7.40239385e-47]
614 spam [9.88879995e-20 1.00000000e+00]
615 ham [1.00000000e+00 3.69573436e-36]
616 ham [1.00000000e+00 4.09570012e-25]
617 ham [1.00000000e+00 3.61019299e-31]
618 ham [1.00000000e+00 6.34509935e-38]
619 ham [1.00000000e+00 1.39101837e-38]
620 ham [1.00000000e+00 1.11012563e-16]
621 ham [1.00000000e+00 3.28396703e-64]
622 ham [1.00000000e+00 4.07157143e-42]
623 ham [0.80652126 0.19347874]
624 ham [1.00000000e+00 9.33385542e-48]
625 ham [1.000000e+00 2.654281e-38]
626 ham [1.00000000e+00 1.78281342e-26]
627 ham [1.00000000e+00 5.32931999e-32]
628 ham [1.00000000e+00 2.17241997e-42]
629 spam [5.14479054e-35 1.00000000e+00]
630 spam [5.0275765e-45 1.0000000e+00]
631 ham [1.00000000e+00 5.70471671e-48]
632 ham [1.0000000e+00 1.7191281e-44]
633 ham [1.00000000e+00 4.14053453e-39]
634 ham [1.0000000e+00 2.7947412e-34]
635 spam [4.82292184e-87 1.00000000e+00]
636 ham [1.00000000e+00 1.56297392e-44]
637 ham [1.00000000e+00 4.75148467e-40]
638 ham [1.00000000e+00 9.93392858e-48]
639 ham [1.00000000e+00 5.67915836e-42]
640 ham [1.0000000e+00 3.8915495e-35]
641 ham [1.00000000e+00 1.97707862e-52]
642 ham [1.00000000e+00 1.48361563e-35]
643 ham [1.00000000e+00 4.88697431e-46]
644 ham [1.00000000e+00 5.14845287e-43]
645 ham [1.00000000e+00 3.23457948e-10]
646 ham [1.00000000e+00 4.79857666e-36]
647 ham [1.00000000e+00 1.82159779e-48]
648 spam [1.30872491e-71 1.00000000e+00]
649 ham [1.00000000e+00 2.02765932e-34]
650 spam [8.43935229e-85 1.00000000e+00]
651 ham [1.00000000e+00 6.78588847e-26]
652 ham [1.0000000e+00 3.2850497e-38]
653 ham [1.0000000e+00 4.5003842e-45]
654 ham [1.00000000e+00 4.34633734e-48]
655 ham [1.00000000e+00 9.02598675e-54]
656 ham [1.0000000e+00 1.7447292e-41]
657 ham [1.00000000e+00 1.72038417e-11]
658 ham [1.00000000e+00 9.82665586e-52]
659 ham [1.0000000e+00 1.5264475e-37]
660 ham [1.0000000e+00 1.5855223e-23]
661 spam [5.57602142e-07 9.99999442e-01]
662 ham [1.00000000e+00 7.28490801e-43]
663 ham [1.00000000e+00 8.38725024e-52]
664 ham [1.00000000e+00 5.83819152e-31]
665 ham [1.00000000e+00 9.76352041e-35]
666 ham [1.00000000e+00 4.70835484e-30]
667 ham [1.00000000e+00 2.32482124e-63]
668 ham [1.00000000e+00 1.52650705e-49]
669 ham [1.00000000e+00 5.20015452e-50]
670 ham [1.00000000e+00 3.96372323e-39]
671 ham [1.00000000e+00 8.13736305e-30]
672 spam [1.04647694e-30 1.00000000e+00]
673 spam [2.19470148e-65 1.00000000e+00]
674 ham [1.00000000e+00 6.81128812e-64]
675 ham [1.00000000e+00 5.76707173e-73]
676 ham [1.00000000e+00 4.83779851e-50]
677 ham [1.00000000e+00 8.41399836e-19]
678 ham [1.00000000e+00 1.50286082e-46]
679 ham [1.00000000e+00 3.80430843e-44]
680 ham [1.00000000e+00 2.80566155e-46]
681 ham [1.00000000e+00 2.90952868e-36]
682 ham [1.00000000e+00 7.77444832e-41]
683 ham [1.00000000e+00 2.49313237e-39]
684 ham [9.99844203e-01 1.55797304e-04]
685 ham [1.00000000e+00 3.82516559e-46]
686 ham [1.00000000e+00 1.01607972e-46]
687 ham [9.99999970e-01 2.99020099e-08]
688 ham [9.99579247e-01 4.20752908e-04]
689 ham [1.00000000e+00 9.64280742e-39]
690 ham [1.00000000e+00 4.32768024e-21]
691 ham [1.00000000e+00 1.33367206e-40]
692 ham [1.00000000e+00 1.49166048e-17]
693 ham [1.00000000e+00 5.31206818e-46]
694 ham [1.00000000e+00 3.72447003e-24]
695 ham [1.00000000e+00 1.33333356e-24]
696 ham [1.00000000e+00 1.82837212e-46]
697 ham [1.00000000e+00 7.33741543e-36]
698 ham [1.00000000e+00 7.45709102e-38]
699 ham [1.00000000e+00 4.74901665e-49]
700 ham [1.00000000e+00 2.24263206e-27]
701 ham [1.00000000e+00 3.16856489e-46]
702 ham [1.00000000e+00 7.30069854e-64]
703 ham [1.00000000e+00 7.08121548e-27]
704 ham [1.00000000e+00 3.24628185e-36]
705 ham [1.00000000e+00 6.86152813e-50]
706 ham [1.00000000e+00 2.00238639e-46]
707 ham [1.00000000e+00 2.86694868e-43]
708 ham [1.00000000e+00 1.71737542e-47]
709 spam [3.31860022e-53 1.00000000e+00]
710 spam [5.31861603e-121 1.00000000e+000]
711 spam [5.89122805e-36 1.00000000e+00]
712 ham [1.0000000e+00 1.2995064e-19]
713 ham [1.00000000e+00 3.55824832e-13]
714 ham [1.00000000e+00 1.01541534e-24]
715 ham [1.00000000e+00 8.85722091e-47]
716 ham [1.00000000e+00 2.52508139e-51]
717 spam [3.67160857e-69 1.00000000e+00]
718 ham [1.00000000e+00 6.91606808e-42]
719 spam [1.14673153e-104 1.00000000e+000]
720 ham [1.00000000e+00 8.92337384e-31]
721 ham [1.00000000e+00 9.14839142e-41]
722 ham [1.00000000e+00 1.55489902e-40]
723 ham [1.00000000e+00 1.58585679e-38]
724 ham [1.00000000e+00 8.96233804e-36]
725 ham [1.00000000e+00 5.66019281e-24]
726 ham [1.00000000e+00 6.76227498e-37]
727 ham [1.00000000e+00 6.36973388e-61]
728 ham [1.00000000e+00 3.71338168e-30]
729 ham [1.00000000e+00 1.52848165e-29]
730 ham [1.00000000e+00 6.49584073e-48]
731 ham [9.99997723e-01 2.27740557e-06]
732 ham [1.00000000e+00 3.78092734e-36]
733 ham [1.00000000e+00 6.51213089e-33]
734 ham [1.00000000e+00 2.90993492e-18]
735 ham [1.0000000e+00 1.7030349e-14]
736 ham [1.00000000e+00 1.08325959e-48]
737 ham [1.00000000e+00 4.52793767e-41]
738 spam [3.48674181e-90 1.00000000e+00]
739 ham [1.00000000e+00 3.16482018e-45]
740 ham [9.99999989e-01 1.07661611e-08]
741 ham [1.0000000e+00 1.0376376e-60]
742 ham [1.00000000e+00 1.86972436e-42]
743 ham [1.00000000e+00 7.34102892e-38]
744 ham [1.00000000e+00 7.53617053e-39]
745 ham [1.0000000e+00 3.3249154e-27]
746 ham [1.00000000e+00 3.38278746e-44]
747 ham [1.00000000e+00 1.84856649e-42]
748 spam [4.57634625e-12 1.00000000e+00]
749 ham [1.00000000e+00 5.66354464e-41]
