0 ham [9.99999999e-01 1.44260343e-09]
1 ham [1.00000000e+00 1.28990281e-36]
2 spam [1.4439229e-102 1.0000000e+000]
3 ham [1.00000000e+00 1.07125119e-38]
4 ham [1.00000000e+00 1.14412993e-40]
5 spam [0.09537264 0.90462736]
6 ham [1.00000000e+00 1.40079395e-18]
7 ham [1.0000000e+00 1.7971363e-91]
8 spam [4.87483924e-97 1.00000000e+00]
9 spam [6.3715098e-91 1.0000000e+00]
10 ham [1.00000000e+00 2.47442144e-42]
11 spam [3.00024377e-76 1.00000000e+00]
12 spam [2.29330064e-88 1.00000000e+00]
13 ham [1.00000000e+00 9.11196032e-12]
14 ham [1.0000000e+00 7.8523829e-33]
15 spam [2.17670867e-30 1.00000000e+00]
16 ham [1.00000000e+00 1.32770641e-54]
17 ham [1.00000000e+00 3.13253744e-20]
18 ham [1.00000000e+00 1.14990358e-33]
19 spam [5.91008995e-56 1.00000000e+00]
20 ham [1.00000000e+00 2.10407189e-32]
21 ham [1.00000000e+00 3.66298515e-25]
22 ham [1.00000000e+00 1.06072789e-27]
23 ham [1.00000000e+00 2.14745974e-33]
24 ham [1.00000000e+00 1.03464874e-30]
25 spam [0.41196973 0.58803027]
26 ham [1.00000000e+00 7.43216654e-37]
27 ham [9.99823397e-01 1.76603237e-04]
28 ham [1.00000000e+00 5.18282998e-72]
29 ham [1.00000000e+00 1.16355162e-30]
30 ham [1.00000000e+00 6.06490123e-26]
31 spam [5.08248182e-17 1.00000000e+00]
32 ham [1.00000000e+00 6.47010103e-45]
33 ham [1.00000000e+00 4.76486906e-15]
34 spam [3.82121057e-32 1.00000000e+00]
35 ham [1.00000000e+00 6.20738784e-20]
36 ham [1.00000000e+00 1.83949702e-54]
37 ham [1.00000000e+00 1.82950255e-40]
38 ham [1.00000000e+00 2.46924259e-42]
39 ham [1.00000000e+00 1.18741559e-24]
40 ham [1.00000000e+00 4.08873583e-39]
41 ham [1.00000000e+00 8.69823859e-46]
42 spam [2.61248496e-71 1.00000000e+00]
43 ham [1.00000000e+00 1.72125286e-42]
44 ham [1.00000000e+00 1.50007357e-53]
45 ham [1.00000000e+00 5.84753554e-45]
46 ham [1.00000000e+00 4.93946814e-31]
47 ham [1.00000000e+00 2.30864373e-35]
48 ham [1.00000e+00 4.39506e-42]
49 ham [9.99999293e-01 7.07046103e-07]
50 ham [1.0000000e+00 1.0812834e-39]
51 ham [1.00000000e+00 1.07060671e-37]
52 ham [1.00000000e+00 2.32206636e-19]
53 ham [1.00000000e+00 1.77432342e-12]
54 spam [4.39451731e-26 1.00000000e+00]
55 ham [1.00000000e+00 1.58354043e-37]
56 spam [1.17914374e-152 1.00000000e+000]
57 ham [1.00000000e+00 5.76497723e-65]
58 ham [1.00000000e+00 2.27787102e-41]
59 ham [1.00000000e+00 5.22215668e-23]
60 ham [1.0000000e+00 2.0339406e-28]
61 ham [1.0000000e+00 1.4024634e-27]
62 ham [1.00000000e+00 2.13346892e-34]
63 ham [1.00000000e+00 7.97068957e-46]
64 ham [1.00000000e+00 1.65978161e-27]
65 spam [2.49220646e-43 1.00000000e+00]
66 ham [1.00000000e+00 6.36940745e-21]
67 spam [1.32362975e-69 1.00000000e+00]
68 ham [1.00000000e+00 1.51598293e-19]
69 ham [1.0000000e+00 5.4942518e-33]
70 ham [1.00000000e+00 7.87704053e-37]
71 ham [1.00000000e+00 1.05939485e-41]
72 ham [1.00000000e+00 3.58680434e-29]
73 ham [1.00000000e+00 2.66569831e-47]
74 ham [1.00000000e+00 5.19546067e-44]
75 ham [1.00000000e+00 6.49755804e-36]
76 ham [1.00000000e+00 9.87682954e-56]
77 ham [1.00000000e+00 1.83831824e-37]
78 ham [1.00000000e+00 1.55087083e-55]
79 ham [1.00000000e+00 2.58469473e-39]
80 ham [1.00000000e+00 3.82339272e-67]
81 ham [1.00000000e+00 5.16906059e-46]
82 ham [1.00000000e+00 9.12657728e-52]
83 ham [1.00000000e+00 8.85326641e-56]
84 ham [1.00000000e+00 3.60738992e-32]
85 ham [1.0000000e+00 1.3466145e-29]
86 ham [1.00000000e+00 1.18460019e-18]
87 ham [9.99997092e-01 2.90834233e-06]
88 ham [1.00000000e+00 3.57559751e-39]
89 ham [1.00000e+00 1.03131e-28]
90 ham [1.00000000e+00 1.21988734e-22]
91 ham [9.99999996e-01 3.50262907e-09]
92 spam [6.60816652e-08 9.99999934e-01]
93 spam [3.0627137e-137 1.0000000e+000]
94 ham [1.00000000e+00 6.07061741e-21]
95 spam [6.02606993e-47 1.00000000e+00]
96 ham [1.00000000e+00 3.38546269e-36]
97 ham [1.00000000e+00 9.98240976e-38]
98 spam [8.50424536e-09 9.99999991e-01]
99 ham [1.00000000e+00 1.49282528e-39]
100 ham [1.000000e+00 2.851142e-33]
101 ham [1.00000000e+00 6.14701312e-13]
102 ham [1.00000000e+00 6.16308841e-34]
103 ham [1.00000000e+00 1.72060744e-58]
104 ham [0.82461617 0.17538383]
105 ham [1.00000000e+00 6.90652285e-36]
106 ham [1.00000000e+00 1.34742635e-18]
107 ham [1.00000000e+00 2.14570097e-43]
108 ham [1.00000000e+00 3.81848234e-20]
109 ham [1.00000000e+00 1.17488436e-11]
110 ham [1.00000000e+00 4.14349379e-46]
111 ham [1.00000000e+00 8.81353714e-29]
112 ham [1.00000000e+00 2.77233539e-35]
113 ham [1.00000000e+00 2.43104467e-29]
114 spam [6.45283777e-152 1.00000000e+000]
115 ham [9.99999666e-01 3.34298352e-07]
116 ham [1.00000000e+00 6.32428087e-78]
117 spam [5.50361893e-150 1.00000000e+000]
118 ham [0.80286414 0.19713586]
119 ham [1.00000000e+00 1.73539918e-31]
120 spam [9.71427328e-53 1.00000000e+00]
121 spam [1.50484413e-83 1.00000000e+00]
122 ham [1.00000000e+00 5.91981921e-29]
123 spam [1.95123738e-77 1.00000000e+00]
124 ham [1.0000000e+00 7.7764518e-35]
125 ham [1.00000000e+00 7.69428123e-40]
126 ham [1.00000000e+00 3.99469603e-40]
127 ham [0.99719552 0.00280448]
128 ham [1.00000000e+00 4.76087789e-48]
129 spam [0.02440203 0.97559797]
130 ham [1.00000000e+00 4.36157703e-46]
131 ham [1.00000000e+00 1.36419801e-53]
132 ham [1.00000000e+00 2.91328448e-31]
133 ham [1.00000000e+00 1.50840875e-35]
134 spam [4.92253301e-13 1.00000000e+00]
135 spam [8.59128244e-101 1.00000000e+000]
136 ham [1.00000000e+00 2.39837507e-17]
137 ham [1.00000000e+00 2.09045585e-43]
138 ham [1.00000000e+00 2.13260451e-33]
139 spam [2.30064788e-30 1.00000000e+00]
140 ham [1.0000000e+00 4.7781367e-28]
141 ham [1.00000000e+00 4.29563622e-49]
142 ham [1.00000000e+00 3.25226492e-33]
143 spam [1.18618182e-08 9.99999988e-01]
144 ham [1.00000000e+00 3.57563787e-39]
145 ham [1.00000000e+00 1.09331706e-34]
146 ham [1.00000000e+00 2.80158084e-23]
147 spam [4.90979118e-32 1.00000000e+00]
148 ham [1.00000000e+00 9.15426069e-18]
149 ham [1.00000000e+00 2.25692282e-38]
150 ham [1.00000000e+00 5.32175895e-45]
151 ham [1.00000000e+00 4.82604108e-47]
152 ham [1.00000000e+00 3.83617977e-32]
153 ham [1.00000000e+00 4.26226399e-38]
154 ham [1.00000000e+00 1.72060744e-58]
155 spam [8.41205962e-57 1.00000000e+00]
156 ham [1.00000000e+00 4.27596148e-40]
157 ham [1.00000000e+00 2.75651903e-47]
158 ham [1.00000000e+00 8.44070684e-32]
159 spam [7.39721756e-14 1.00000000e+00]
160 spam [2.71261124e-140 1.00000000e+000]
161 ham [1.00000000e+00 4.46173413e-51]
162 ham [1.00000000e+00 2.61332257e-24]
163 ham [1.00000000e+00 1.07484311e-38]
164 spam [2.96918359e-72 1.00000000e+00]
165 spam [1.38366246e-20 1.00000000e+00]
166 ham [1.00000000e+00 1.08753362e-22]
167 spam [8.09929487e-123 1.00000000e+000]
168 ham [1.0000000e+00 4.3694481e-17]
169 ham [1.00000000e+00 4.06386226e-23]
170 ham [1.00000000e+00 1.09463653e-23]
171 ham [1.00000000e+00 8.36696063e-36]
172 ham [1.00000000e+00 3.25007157e-24]
173 ham [1.00000000e+00 1.63620161e-48]
174 ham [9.99999998e-01 1.90236027e-09]
175 ham [1.0000000e+00 2.7121338e-64]
176 ham [1.0000000e+00 1.0785388e-54]
177 ham [1.00000000e+00 1.92062461e-40]
178 ham [1.00000000e+00 2.81809669e-49]
179 ham [1.00000000e+00 1.86667829e-38]
180 spam [0.06088359 0.93911641]
181 ham [1.00000000e+00 1.22544648e-11]
182 ham [1.00000000e+00 3.79812154e-36]
183 ham [1.00000000e+00 4.03131415e-61]
184 ham [1.00000000e+00 7.02957551e-37]
185 ham [1.00000000e+00 3.74414287e-40]
186 ham [9.99998039e-01 1.96139158e-06]
187 ham [1.00000000e+00 2.62653413e-45]
188 spam [2.29012593e-137 1.00000000e+000]
189 ham [1.00000000e+00 6.98109698e-41]
190 ham [1.00000000e+00 4.72042867e-34]
191 ham [0.82437727 0.17562273]
192 ham [1.0000000e+00 4.0908421e-30]
193 ham [1.000000e+00 1.082091e-31]
194 spam [0.00199845 0.99800155]
195 ham [1.000000e+00 1.146474e-35]
196 ham [1.00000000e+00 3.45060348e-47]
197 ham [1.00000000e+00 2.50304772e-55]
198 ham [1.00000000e+00 2.86186773e-11]
199 ham [1.00000000e+00 4.40863105e-41]
200 ham [1.00000000e+00 2.94707509e-58]
201 ham [1.00000000e+00 7.63674796e-59]
202 ham [1.0000000e+00 1.3630431e-23]
203 ham [1.000000e+00 1.735445e-26]
204 ham [1.0000000e+00 3.1583271e-36]
205 ham [1.0000000e+00 7.7641309e-39]
206 ham [1.00000000e+00 5.24689973e-33]
207 ham [1.00000000e+00 1.81037696e-78]
208 ham [1.00000000e+00 2.02666841e-34]
209 ham [1.00000000e+00 2.60115187e-32]
210 ham [1.00000000e+00 8.45009443e-37]
211 ham [1.0000000e+00 3.3907836e-41]
212 ham [1.00000000e+00 2.06193172e-41]
213 ham [1.00000000e+00 9.43916233e-44]
214 ham [1.00000000e+00 3.61312126e-37]
215 ham [1.00000000e+00 5.44102798e-49]
216 ham [1.00000000e+00 1.51425948e-22]
217 ham [1.00000000e+00 2.63544032e-33]
218 ham [1.00000000e+00 4.14806248e-33]
219 ham [1.00000000e+00 4.47987954e-44]
220 ham [1.00000000e+00 3.64928969e-33]
221 ham [1.00000000e+00 4.60208432e-49]
222 spam [2.8931182e-15 1.0000000e+00]
223 ham [1.00000000e+00 1.39592465e-68]
224 ham [9.99911841e-01 8.81587661e-05]
225 spam [5.50871263e-70 1.00000000e+00]
226 ham [1.00000000e+00 6.46362543e-46]
227 spam [3.06895723e-36 1.00000000e+00]
228 ham [1.00000000e+00 6.03631078e-31]
229 ham [0.74862986 0.25137014]
230 ham [1.00000000e+00 1.01551667e-41]
231 ham [1.00000000e+00 1.55157656e-18]
232 ham [1.00000000e+00 6.92219123e-34]
233 ham [1.00000000e+00 3.44036078e-43]
234 ham [1.00000000e+00 4.98212448e-33]
235 spam [5.11812963e-45 1.00000000e+00]
236 ham [1.00000000e+00 3.24508338e-52]
237 ham [1.00000000e+00 1.91772584e-29]
238 ham [1.00000000e+00 1.00314805e-45]
239 ham [1.00000000e+00 2.25494772e-17]
240 spam [1.50856277e-21 1.00000000e+00]
241 ham [1.00000000e+00 8.58344504e-38]
242 ham [1.0000000e+00 2.8803762e-30]
243 ham [1.00000000e+00 3.07658854e-14]
244 ham [1.00000000e+00 1.40473465e-29]
245 ham [1.00000000e+00 1.00736928e-38]
246 ham [1.00000000e+00 1.17932295e-36]
247 ham [1.00000000e+00 7.65334105e-26]
248 ham [1.00000000e+00 4.33025058e-24]
249 ham [1.00000000e+00 2.28640952e-19]
250 spam [3.03617927e-155 1.00000000e+000]
251 ham [1.0000000e+00 6.4631297e-25]
252 spam [3.14700904e-07 9.99999685e-01]
253 ham [1.00000000e+00 5.06747869e-64]
254 spam [1.49706933e-27 1.00000000e+00]
255 ham [1.00000000e+00 6.09575096e-58]
256 ham [1.00000000e+00 1.89663546e-32]
257 ham [1.00000000e+00 1.55974586e-30]
258 ham [1.00000000e+00 2.04427581e-55]
259 spam [1.36292233e-92 1.00000000e+00]
260 ham [1.00000000e+00 8.50178643e-30]
261 ham [1.0000000e+00 4.6186623e-43]
262 ham [1.00000000e+00 2.16327191e-39]
263 ham [1.0000000e+00 1.2923259e-18]
264 spam [9.75724249e-31 1.00000000e+00]
265 ham [1.00000000e+00 3.42824507e-38]
266 ham [1.00000000e+00 2.43418603e-30]
267 ham [1.00000000e+00 6.46081441e-33]
268 spam [4.71635394e-101 1.00000000e+000]
269 ham [1.00000000e+00 1.16124454e-29]
270 spam [2.95652563e-34 1.00000000e+00]
271 ham [1.00000000e+00 6.89698307e-22]
272 spam [5.85462768e-04 9.99414537e-01]
273 spam [1.83993688e-54 1.00000000e+00]
274 ham [1.00000000e+00 2.17222839e-41]
275 ham [1.00000000e+00 1.57518588e-34]
276 ham [1.00000000e+00 2.77198288e-43]
277 ham [1.00000000e+00 8.46800512e-25]
278 ham [1.00000000e+00 2.33772062e-65]
279 ham [1.00000000e+00 1.11727589e-38]
280 ham [1.00000000e+00 1.80112573e-20]
281 ham [1.00000000e+00 5.99696928e-38]
282 ham [1.00000000e+00 1.50543817e-13]
283 ham [1.00000000e+00 3.89208768e-41]
284 ham [1.00000000e+00 2.77198288e-43]
285 ham [1.00000000e+00 6.82026683e-37]
286 ham [1.00000000e+00 2.20310546e-38]
287 ham [1.00000000e+00 7.99141192e-45]
288 ham [0.99738101 0.00261899]
289 ham [1.00000000e+00 1.70309594e-14]
290 spam [8.68950330e-05 9.99913105e-01]
291 ham [1.00000000e+00 3.05638832e-27]
292 ham [1.00000000e+00 3.05055687e-24]
293 ham [1.00000000e+00 3.94945308e-41]
294 ham [1.00000000e+00 3.07030887e-41]
295 ham [1.00000000e+00 1.75686852e-26]
296 spam [2.31042741e-118 1.00000000e+000]
297 ham [1.00000000e+00 4.34986254e-31]
298 ham [1.0000000e+00 3.2998974e-29]
299 ham [1.00000000e+00 2.15983508e-24]
300 ham [1.00000000e+00 5.03911324e-49]
301 ham [1.00000000e+00 3.10693807e-27]
302 spam [2.38628567e-06 9.99997614e-01]
303 ham [1.00000000e+00 1.23223526e-15]
304 ham [1.00000000e+00 7.03892516e-41]
305 spam [1.92335776e-68 1.00000000e+00]
306 ham [1.00000000e+00 3.70327293e-40]
307 ham [1.00000000e+00 6.52555254e-41]
308 ham [1.00000000e+00 7.13542329e-20]
309 spam [1.53686293e-37 1.00000000e+00]
310 ham [1.00000000e+00 6.97258829e-24]
311 spam [6.97150254e-06 9.99993028e-01]
312 spam [2.11755276e-54 1.00000000e+00]
313 ham [1.00000000e+00 8.99545509e-55]
314 ham [9.99766786e-01 2.33213571e-04]
315 ham [1.00000000e+00 6.97347909e-55]
316 ham [1.00000000e+00 1.98593587e-36]
317 ham [9.99999956e-01 4.36511276e-08]
318 ham [1.0000000e+00 1.9836981e-38]
319 spam [5.00013628e-100 1.00000000e+000]
320 ham [1.00000000e+00 8.24181981e-45]
321 ham [1.00000000e+00 1.56243517e-38]
322 ham [1.00000000e+00 6.52858518e-33]
323 spam [8.89504098e-09 9.99999991e-01]
324 ham [1.00000000e+00 4.96176665e-14]
325 ham [1.00000000e+00 1.71089004e-51]
326 ham [1.00000000e+00 3.86951906e-45]
327 ham [1.00000000e+00 1.87617847e-38]
328 ham [1.00000000e+00 1.92574292e-35]
329 ham [1.00000000e+00 7.50544722e-45]
330 ham [1.00000000e+00 8.58144319e-33]
331 ham [1.00000000e+00 2.10262134e-37]
332 ham [1.00000000e+00 1.56457669e-31]
333 spam [7.30045284e-36 1.00000000e+00]
334 spam [2.51930608e-65 1.00000000e+00]
335 spam [8.60788683e-51 1.00000000e+00]
336 ham [1.00000000e+00 1.93640917e-34]
337 ham [1.00000000e+00 2.12314227e-32]
338 ham [1.00000000e+00 1.76782765e-39]
339 ham [1.00000000e+00 1.01884492e-66]
340 ham [1.00000000e+00 9.19801954e-29]
341 ham [1.00000000e+00 9.97033856e-47]
342 spam [1.99077076e-15 1.00000000e+00]
343 ham [1.00000000e+00 4.45999408e-36]
344 ham [1.00000000e+00 4.12709335e-42]
345 ham [1.00000000e+00 4.16314168e-29]
346 ham [1.00000000e+00 8.01888582e-51]
347 ham [1.00000000e+00 3.09241647e-13]
348 ham [1.00000000e+00 8.90842356e-31]
349 spam [1.90498153e-33 1.00000000e+00]
350 ham [1.00000000e+00 1.32399667e-37]
351 ham [1.00000000e+00 3.31276445e-51]
352 ham [1.00000000e+00 1.45009911e-59]
353 ham [1.00000000e+00 1.38189126e-13]
354 spam [3.01970751e-05 9.99969803e-01]
355 ham [1.00000000e+00 1.43498043e-51]
356 spam [1.7348535e-24 1.0000000e+00]
357 spam [1.60639886e-154 1.00000000e+000]
358 spam [7.68506446e-70 1.00000000e+00]
359 ham [1.00000000e+00 8.85366561e-26]
360 ham [1.00000000e+00 6.26363499e-19]
361 ham [1.00000000e+00 1.44635789e-27]
362 ham [1.00000000e+00 2.55550515e-46]
363 ham [1.00000000e+00 1.65026852e-32]
364 ham [1.00000000e+00 1.23969014e-22]
365 ham [1.00000000e+00 8.45152998e-27]
366 ham [1.00000000e+00 1.11448241e-50]
367 spam [4.19082776e-45 1.00000000e+00]
368 spam [8.39538682e-35 1.00000000e+00]
369 ham [1.00000000e+00 4.50298884e-36]
370 ham [1.00000000e+00 5.47124013e-49]
371 ham [1.00000000e+00 2.01648801e-53]
372 ham [1.00000000e+00 3.03561939e-45]
373 ham [1.00000000e+00 9.69745954e-66]
374 ham [1.00000000e+00 4.69819531e-29]
375 spam [4.74946429e-28 1.00000000e+00]
376 ham [1.00000000e+00 2.84341745e-42]
377 ham [1.00000000e+00 2.98126629e-30]
378 spam [0.27277009 0.72722991]
379 ham [1.00000000e+00 5.72803154e-36]
380 ham [0.99138591 0.00861409]
381 ham [1.00000000e+00 6.56015667e-11]
382 ham [1.00000000e+00 4.60590665e-35]
383 ham [1.00000000e+00 1.13183704e-44]
384 ham [1.00000000e+00 1.16600753e-41]
385 spam [3.38783815e-40 1.00000000e+00]
386 ham [1.00000000e+00 2.12282485e-32]
387 ham [1.00000000e+00 2.67519824e-46]
388 ham [1.00000000e+00 7.39494697e-48]
389 spam [7.75677074e-122 1.00000000e+000]
390 ham [1.00000000e+00 7.68506016e-40]
391 ham [1.0000000e+00 4.4753848e-43]
392 ham [1.0000000e+00 1.6615798e-19]
393 ham [1.00000000e+00 2.92866409e-50]
394 ham [1.00000000e+00 6.82096073e-32]
395 ham [1.00000000e+00 1.93347551e-31]
396 ham [0.96326628 0.03673372]
397 ham [0.84035829 0.15964171]
398 spam [0.00303427 0.99696573]
399 spam [1.4333139e-35 1.0000000e+00]
400 ham [1.00000000e+00 4.50147671e-17]
401 spam [1.27005669e-71 1.00000000e+00]
402 ham [1.00000000e+00 3.60335966e-42]
403 ham [1.00000000e+00 1.89266803e-27]
404 ham [1.00000000e+00 2.05741451e-47]
405 ham [1.00000000e+00 3.85040475e-52]
406 ham [1.0000000e+00 5.2602048e-31]
407 spam [0.48228948 0.51771052]
408 ham [1.00000000e+00 2.76039019e-34]
409 ham [1.00000000e+00 1.98132722e-40]
410 spam [7.21168758e-22 1.00000000e+00]
411 ham [1.00000000e+00 2.01997812e-24]
412 ham [1.00000000e+00 2.69130525e-46]
413 ham [1.00000000e+00 5.75801064e-26]
414 ham [1.00000000e+00 2.57058222e-40]
415 ham [1.00000000e+00 1.70960233e-17]
416 ham [1.00000000e+00 2.56520562e-43]
417 ham [1.00000000e+00 2.46262288e-35]
418 spam [3.55139247e-57 1.00000000e+00]
419 ham [1.00000000e+00 9.52765441e-42]
420 spam [3.7400425e-56 1.0000000e+00]
421 ham [1.00000000e+00 2.26043221e-39]
422 spam [1.87147214e-63 1.00000000e+00]
423 ham [1.00000000e+00 3.62190894e-27]
424 spam [1.52346901e-74 1.00000000e+00]
425 spam [1.78936341e-20 1.00000000e+00]
426 ham [1.0000000e+00 8.7684224e-53]
427 ham [1.00000000e+00 9.76591614e-46]
428 ham [1.00000000e+00 7.11781227e-28]
429 ham [1.00000000e+00 3.20286546e-31]
430 ham [1.00000000e+00 4.42031516e-15]
431 ham [1.00000000e+00 1.75533152e-46]
432 ham [1.00000000e+00 9.24343987e-12]
433 spam [2.48898998e-68 1.00000000e+00]
434 ham [1.00000000e+00 1.03138002e-34]
435 ham [1.00000000e+00 2.14670593e-58]
436 ham [1.00000000e+00 6.63976677e-64]
437 ham [1.00000000e+00 5.21006122e-33]
438 ham [1.00000000e+00 4.94468345e-36]
439 ham [1.00000000e+00 5.75068723e-14]
440 ham [1.00000000e+00 1.00945435e-45]
441 ham [1.00000000e+00 4.59496477e-28]
442 ham [1.00000000e+00 3.35544171e-39]
443 ham [1.00000000e+00 2.70314223e-35]
444 ham [1.00000000e+00 1.06053296e-66]
445 ham [0.99852725 0.00147275]
446 ham [1.00000000e+00 4.20297528e-43]
447 ham [1.00000000e+00 2.01224154e-26]
448 ham [1.00000000e+00 8.02531976e-32]
449 ham [1.00000000e+00 8.14526284e-31]
450 ham [1.00000000e+00 2.65581356e-42]
451 ham [1.00000000e+00 2.01491559e-36]
452 ham [1.0000000e+00 3.0666469e-54]
453 ham [1.00000000e+00 3.69037567e-25]
454 ham [1.00000000e+00 2.05258042e-21]
455 spam [2.30557369e-30 1.00000000e+00]
456 ham [1.00000000e+00 4.44807535e-26]
457 ham [1.00000000e+00 6.93062952e-20]
458 ham [9.99999999e-01 6.50124631e-10]
459 ham [1.0000000e+00 1.0949953e-25]
460 ham [9.99999997e-01 3.46497023e-09]
461 ham [1.00000000e+00 6.72472947e-30]
462 ham [1.00000000e+00 5.15544311e-25]
463 spam [2.48245206e-119 1.00000000e+000]
464 ham [1.00000000e+00 7.20013972e-63]
465 ham [1.0000000e+00 1.0126518e-48]
466 ham [1.00000000e+00 7.27022932e-25]
467 ham [1.00000000e+00 4.51876989e-19]
468 ham [1.00000000e+00 8.55627845e-38]
469 ham [1.00000000e+00 6.51844827e-38]
470 ham [1.00000000e+00 1.43215732e-32]
471 spam [1.95758355e-62 1.00000000e+00]
472 ham [1.00000000e+00 1.23330806e-27]
473 spam [1.02517951e-12 1.00000000e+00]
474 spam [4.68177823e-99 1.00000000e+00]
475 spam [0.48560124 0.51439876]
476 ham [1.00000000e+00 2.70522632e-43]
477 ham [1.00000000e+00 4.67746238e-42]
478 ham [1.00000000e+00 1.96604949e-37]
479 ham [1.00000000e+00 1.65381649e-48]
480 ham [1.00000000e+00 1.06430234e-30]
481 ham [1.00000000e+00 1.29964335e-42]
482 ham [1.00000000e+00 3.26877864e-31]
483 ham [1.00000000e+00 1.48057029e-45]
484 ham [1.00000000e+00 7.99220879e-34]
485 ham [1.0000000e+00 2.1446268e-22]
486 ham [1.00000000e+00 1.48384683e-34]
487 spam [1.74625674e-39 1.00000000e+00]
488 ham [1.00000000e+00 1.95938733e-36]
489 ham [1.00000000e+00 2.35075713e-12]
490 ham [1.00000000e+00 9.13378606e-49]
491 ham [1.00000000e+00 6.52501186e-13]
492 spam [1.83194558e-150 1.00000000e+000]
493 ham [1.00000000e+00 1.23165538e-59]
494 ham [1.00000000e+00 4.87050934e-61]
495 ham [1.00000000e+00 1.08781019e-38]
496 ham [1.00000000e+00 2.61717698e-39]
497 ham [1.0000000e+00 2.0823788e-31]
498 ham [1.00000000e+00 1.48889792e-22]
499 ham [1.00000000e+00 7.11140469e-32]
500 ham [1.00000000e+00 3.37929556e-46]
501 spam [9.1962061e-22 1.0000000e+00]
502 ham [1.00000000e+00 3.11823518e-45]
503 ham [1.00000000e+00 2.10827078e-36]
504 ham [1.00000000e+00 1.06614421e-19]
505 spam [2.33622756e-85 1.00000000e+00]
506 ham [1.00000000e+00 6.30916618e-17]
507 ham [1.00000000e+00 1.25933995e-20]
508 ham [1.00000000e+00 1.07737727e-27]
509 ham [1.00000000e+00 2.51145314e-38]
510 spam [6.15610531e-15 1.00000000e+00]
511 ham [9.99999893e-01 1.07432627e-07]
512 ham [1.00000000e+00 2.58597304e-37]
513 ham [1.00000000e+00 6.77721932e-35]
514 ham [1.00000000e+00 2.33069575e-32]
515 spam [6.961759e-103 1.000000e+000]
516 ham [1.00000000e+00 6.31062891e-31]
517 spam [3.14080506e-59 1.00000000e+00]
518 spam [1.87149226e-19 1.00000000e+00]
519 ham [0.81347641 0.18652359]
520 ham [1.00000000e+00 6.21842399e-26]
521 ham [1.00000000e+00 3.46468327e-32]
522 ham [1.00000000e+00 3.01183976e-48]
523 ham [1.00000000e+00 1.01381972e-38]
524 ham [1.00000000e+00 4.19037372e-34]
525 spam [1.79136235e-95 1.00000000e+00]
526 ham [1.00000000e+00 9.70024249e-22]
527 spam [3.56540835e-42 1.00000000e+00]
528 ham [1.00000000e+00 8.85114685e-29]
529 spam [4.09678189e-22 1.00000000e+00]
530 ham [1.00000000e+00 1.84371258e-39]
531 spam [1.09772785e-87 1.00000000e+00]
532 ham [1.00000000e+00 3.39394127e-25]
533 ham [1.0000000e+00 3.2857986e-51]
534 ham [1.00000000e+00 1.10004658e-55]
535 ham [1.00000000e+00 3.46008842e-43]
536 ham [1.00000000e+00 1.12551637e-25]
537 ham [1.00000000e+00 4.46369161e-38]
538 ham [1.00000000e+00 4.49331407e-24]
539 ham [1.00000000e+00 8.01164707e-27]
540 ham [1.0000000e+00 9.2219429e-33]
541 spam [4.34107904e-50 1.00000000e+00]
542 spam [1.84546826e-19 1.00000000e+00]
543 ham [1.00000000e+00 2.30416909e-33]
544 ham [1.00000000e+00 4.58589366e-20]
545 ham [1.00000000e+00 4.42538286e-14]
546 ham [1.00000000e+00 2.83650665e-36]
547 ham [1.00000000e+00 3.99734327e-32]
548 ham [1.0000000e+00 3.0326656e-36]
549 ham [1.00000000e+00 7.83148009e-66]
550 ham [1.00000000e+00 1.18342665e-44]
551 spam [1.97473379e-58 1.00000000e+00]
552 ham [1.00000000e+00 2.45316807e-39]
553 ham [0.58911233 0.41088767]
554 ham [1.00000000e+00 1.06026548e-36]
555 spam [5.47472531e-10 9.99999999e-01]
556 ham [1.00000000e+00 2.55413534e-23]
557 ham [1.00000000e+00 3.04751482e-34]
558 ham [1.00000000e+00 5.85638757e-46]
559 ham [1.00000000e+00 1.25467399e-44]
560 spam [0.00667293 0.99332707]
561 ham [1.0000000e+00 2.8327265e-51]
562 ham [1.00000000e+00 1.81988083e-47]
563 ham [1.00000000e+00 8.79171153e-45]
564 spam [4.56257989e-148 1.00000000e+000]
565 ham [1.00000000e+00 5.15616524e-60]
566 spam [0.01047383 0.98952617]
567 ham [1.00000000e+00 6.63820384e-29]
568 ham [1.00000000e+00 1.82430011e-23]
569 ham [1.00000000e+00 2.07983738e-22]
570 ham [1.00000000e+00 3.09654389e-37]
571 ham [1.00000000e+00 2.91215692e-21]
572 ham [1.00000000e+00 4.92371749e-41]
573 ham [1.00000000e+00 9.67360606e-41]
574 ham [1.00000000e+00 4.86314229e-35]
575 ham [1.00000000e+00 1.73414782e-34]
576 spam [9.1064234e-64 1.0000000e+00]
577 ham [1.0000000e+00 1.0808131e-39]
578 ham [1.00000000e+00 2.52044025e-39]
579 spam [2.01588428e-26 1.00000000e+00]
580 ham [0.99875939 0.00124061]
581 ham [1.00000000e+00 1.28712941e-35]
582 ham [1.00000000e+00 2.01410661e-45]
583 spam [7.33021545e-95 1.00000000e+00]
584 ham [1.00000000e+00 2.86118398e-33]
585 ham [1.00000000e+00 2.16848983e-33]
586 ham [1.00000000e+00 6.69115995e-27]
587 ham [1.00000000e+00 1.40325842e-24]
588 ham [1.00000000e+00 9.41390482e-22]
589 ham [1.00000000e+00 4.85194571e-33]
590 ham [1.00000000e+00 2.91460808e-50]
591 spam [3.27220562e-80 1.00000000e+00]
592 spam [1.49776734e-97 1.00000000e+00]
593 spam [6.33680607e-77 1.00000000e+00]
594 ham [1.00000000e+00 3.97389856e-33]
595 spam [1.10926198e-26 1.00000000e+00]
596 ham [1.00000000e+00 2.70398565e-54]
597 ham [1.00000000e+00 2.71215943e-51]
598 spam [6.84002694e-08 9.99999932e-01]
599 ham [1.00000000e+00 7.75357314e-15]
600 ham [1.00000000e+00 1.82212877e-41]
601 spam [1.87716357e-06 9.99998123e-01]
602 ham [1.00000000e+00 1.27760469e-52]
603 ham [1.00000000e+00 1.18293192e-30]
604 ham [1.00000000e+00 2.51524739e-46]
605 ham [1.00000000e+00 4.59385809e-44]
606 ham [1.00000000e+00 5.41586551e-37]
607 spam [3.04566163e-22 1.00000000e+00]
608 ham [1.00000000e+00 8.45919652e-35]
609 ham [1.00000000e+00 8.29085926e-46]
610 ham [1.00000000e+00 2.21821324e-30]
611 spam [5.58484708e-33 1.00000000e+00]
612 spam [2.12429838e-09 9.99999998e-01]
613 ham [1.00000000e+00 3.29951297e-42]
614 spam [0.01143561 0.98856439]
615 ham [1.00000000e+00 1.67734698e-22]
616 ham [0.99774807 0.00225193]
617 ham [1.00000000e+00 1.04164139e-11]
618 ham [1.00000000e+00 1.74243888e-39]
619 ham [1.00000000e+00 4.37755773e-31]
620 ham [9.99999678e-01 3.21583693e-07]
621 ham [1.00000000e+00 5.35393526e-68]
622 ham [1.00000000e+00 3.51487942e-33]
623 ham [1.00000000e+00 7.51690475e-16]
624 ham [1.00000000e+00 1.08697794e-45]
625 ham [1.0000000e+00 1.4234228e-30]
626 ham [1.00000000e+00 8.02567437e-16]
627 ham [1.00000000e+00 2.60160981e-16]
628 ham [1.00000000e+00 3.29678179e-27]
629 spam [5.29863348e-38 1.00000000e+00]
630 spam [3.34409493e-61 1.00000000e+00]
631 ham [1.00000000e+00 8.55181414e-48]
632 ham [1.00000000e+00 1.19358896e-39]
633 ham [1.00000000e+00 1.00445931e-29]
634 ham [1.00000000e+00 3.65114707e-27]
635 spam [2.76450274e-105 1.00000000e+000]
636 ham [1.00000000e+00 3.93037825e-41]
637 ham [1.00000000e+00 1.27083779e-32]
638 ham [1.0000000e+00 3.3329489e-45]
639 ham [1.00000000e+00 1.01192645e-35]
640 ham [1.00000000e+00 7.22103322e-26]
641 ham [1.00000000e+00 1.87241554e-54]
642 ham [1.00000000e+00 2.04164501e-25]
643 ham [1.00000000e+00 1.06376476e-39]
644 ham [1.00000000e+00 3.65066104e-37]
645 spam [9.99776801e-10 9.99999999e-01]
646 ham [1.00000000e+00 1.01303211e-24]
647 ham [1.00000000e+00 3.37888954e-40]
648 spam [1.09056272e-75 1.00000000e+00]
649 ham [1.00000000e+00 1.85100447e-32]
650 spam [1.09580372e-109 1.00000000e+000]
651 ham [1.00000000e+00 1.02290938e-18]
652 ham [1.00000000e+00 1.91821665e-22]
653 ham [1.00000000e+00 2.07256078e-36]
654 ham [1.0000000e+00 7.8149059e-50]
655 ham [1.0000000e+00 7.4246106e-55]
656 ham [1.00000000e+00 8.50238484e-35]
657 spam [3.19841141e-14 1.00000000e+00]
658 ham [1.00000000e+00 6.72395606e-55]
659 ham [1.00000000e+00 8.37664388e-28]
660 ham [1.00000000e+00 4.51730004e-18]
661 spam [4.79512148e-27 1.00000000e+00]
662 ham [1.00000000e+00 1.21092829e-36]
663 ham [1.00000000e+00 6.57609496e-42]
664 ham [1.00000000e+00 1.20698856e-28]
665 ham [1.00000000e+00 9.17546616e-25]
666 ham [1.00000000e+00 3.37016054e-25]
667 ham [1.00000000e+00 1.87374823e-62]
668 ham [1.00000000e+00 4.77318201e-49]
669 ham [1.00000000e+00 2.46057283e-48]
670 ham [1.00000000e+00 1.01960225e-35]
671 ham [1.00000000e+00 1.09248354e-29]
672 spam [7.48088336e-31 1.00000000e+00]
673 spam [1.86565801e-60 1.00000000e+00]
674 ham [1.00000000e+00 8.94333634e-69]
675 ham [1.00000000e+00 3.65661271e-75]
676 ham [1.0000000e+00 2.4407664e-44]
677 ham [9.99999346e-01 6.54380660e-07]
678 ham [1.00000000e+00 1.54334899e-41]
679 ham [1.00000000e+00 2.05074154e-44]
680 ham [1.00000000e+00 1.15771917e-39]
681 ham [1.00000000e+00 7.93787973e-30]
682 ham [1.0000000e+00 8.7676331e-38]
683 ham [1.00000000e+00 6.96892384e-35]
684 spam [7.12346964e-12 1.00000000e+00]
685 ham [1.00000000e+00 1.18111224e-33]
686 ham [1.00000000e+00 1.09993013e-40]
687 spam [2.02089197e-07 9.99999798e-01]
688 spam [3.50215685e-17 1.00000000e+00]
689 ham [1.00000000e+00 5.18744739e-33]
690 ham [1.00000000e+00 3.02935404e-11]
691 ham [1.00000000e+00 1.62887844e-37]
692 spam [4.62552825e-06 9.99995374e-01]
693 ham [1.00000000e+00 3.68832899e-39]
694 ham [9.99999998e-01 1.56259614e-09]
695 ham [1.00000000e+00 2.04081063e-13]
696 ham [1.00000000e+00 1.36278231e-37]
697 ham [1.00000000e+00 5.52379871e-27]
698 ham [1.0000000e+00 2.9285958e-26]
699 ham [1.00000000e+00 1.49881105e-45]
700 ham [1.00000000e+00 5.73369371e-21]
701 ham [1.00000000e+00 1.58329492e-40]
702 ham [1.00000000e+00 3.97418332e-68]
703 ham [1.00000000e+00 1.21528019e-20]
704 ham [1.00000000e+00 2.88540526e-21]
705 ham [1.00000000e+00 1.89470607e-40]
706 ham [1.00000000e+00 5.28886018e-37]
707 ham [1.00000000e+00 1.41467875e-36]
708 ham [1.00000000e+00 2.84417459e-42]
709 spam [2.67299652e-49 1.00000000e+00]
710 spam [7.25610546e-146 1.00000000e+000]
711 spam [8.4983778e-65 1.0000000e+00]
712 spam [0.0060223 0.9939777]
713 ham [1.00000000e+00 1.23867875e-11]
714 ham [1.00000000e+00 4.38071169e-16]
715 ham [1.00000000e+00 1.13770535e-35]
716 ham [1.00000000e+00 9.28562804e-47]
717 spam [3.0856253e-82 1.0000000e+00]
718 ham [1.00000000e+00 7.30374347e-35]
719 spam [2.57738326e-148 1.00000000e+000]
720 ham [1.00000000e+00 1.64792866e-19]
721 ham [1.00000000e+00 5.37891245e-39]
722 ham [1.00000000e+00 5.92931694e-42]
723 ham [1.00000000e+00 4.13350713e-35]
724 ham [1.00000000e+00 1.35663113e-29]
725 ham [0.5859999 0.4140001]
726 ham [1.00000000e+00 7.11493623e-26]
727 ham [1.00000000e+00 2.19945213e-42]
728 ham [1.0000000e+00 5.1641712e-21]
729 ham [1.00000000e+00 2.53233889e-22]
730 ham [1.00000000e+00 2.14593046e-46]
731 ham [9.99550698e-01 4.49301995e-04]
732 ham [1.00000000e+00 3.50313134e-32]
733 ham [1.00000000e+00 3.32545699e-19]
734 ham [0.67763261 0.32236739]
735 ham [0.75881155 0.24118845]
736 ham [1.0000000e+00 1.2572078e-41]
737 ham [1.00000000e+00 5.63243176e-35]
738 spam [9.61671411e-85 1.00000000e+00]
739 ham [1.00000000e+00 5.26419299e-42]
740 spam [1.2753039e-12 1.0000000e+00]
741 ham [1.00000000e+00 6.14738818e-57]
742 ham [1.00000000e+00 2.23048414e-35]
743 ham [1.00000000e+00 1.00767429e-18]
744 ham [1.00000000e+00 3.83153055e-30]
745 ham [1.00000000e+00 4.12508135e-23]
746 ham [1.00000000e+00 2.24014655e-37]
747 ham [1.00000000e+00 7.45553864e-30]
748 spam [2.57944688e-14 1.00000000e+00]
749 ham [1.00000000e+00 2.01893893e-40]
