0 ham [0.99519619 0.00480381]
1 ham [0.91452815 0.08547185]
2 spam [5.35955621e-04 9.99464044e-01]
3 ham [0.99213214 0.00786786]
4 ham [0.95141082 0.04858918]
5 ham [0.9984774 0.0015226]
6 ham [9.99931296e-01 6.87040953e-05]
7 ham [0.9908697 0.0091303]
8 spam [0.00105412 0.99894588]
9 spam [0.10425978 0.89574022]
10 ham [0.99706939 0.00293061]
11 spam [0.17034139 0.82965861]
12 spam [0.25163665 0.74836335]
13 ham [9.99867667e-01 1.32333198e-04]
14 ham [0.82222222 0.17777778]
15 ham [0.57129708 0.42870292]
16 ham [0.75431034 0.24568966]
17 ham [9.99413540e-01 5.86459557e-04]
18 ham [0.99643101 0.00356899]
19 ham [0.64564882 0.35435118]
20 ham [0.95778746 0.04221254]
21 ham [0.96682512 0.03317488]
22 ham [0.98657585 0.01342415]
23 ham [9.99982915e-01 1.70850705e-05]
24 ham [0.98761247 0.01238753]
25 ham [0.91209338 0.08790662]
26 ham [0.99005651 0.00994349]
27 ham [0.99831475 0.00168525]
28 ham [0.99521634 0.00478366]
29 ham [0.92104532 0.07895468]
30 ham [9.99791619e-01 2.08381402e-04]
31 ham [9.99999939e-01 6.11266368e-08]
32 ham [0.99411701 0.00588299]
33 ham [0.99780813 0.00219187]
34 ham [9.99482603e-01 5.17397094e-04]
35 ham [9.99999727e-01 2.72511324e-07]
36 ham [9.99298041e-01 7.01959238e-04]
37 ham [0.99715201 0.00284799]
38 ham [0.82222222 0.17777778]
39 ham [0.99862348 0.00137652]
40 ham [0.96047628 0.03952372]
41 ham [9.99560761e-01 4.39239420e-04]
42 spam [0.01300623 0.98699377]
43 ham [0.82222222 0.17777778]
44 ham [0.98410354 0.01589646]
45 ham [0.75440519 0.24559481]
46 ham [0.94758157 0.05241843]
47 ham [0.94835039 0.05164961]
48 ham [0.96834194 0.03165806]
49 ham [0.961613 0.038387]
50 ham [9.99235311e-01 7.64689238e-04]
51 ham [0.66361167 0.33638833]
52 ham [0.91552491 0.08447509]
53 ham [9.99999987e-01 1.29514298e-08]
54 ham [0.84710252 0.15289748]
55 ham [0.93031582 0.06968418]
56 spam [0.21737902 0.78262098]
57 ham [0.93457789 0.06542211]
58 ham [0.88976914 0.11023086]
59 ham [0.93414485 0.06585515]
60 ham [0.99435241 0.00564759]
61 ham [0.77687208 0.22312792]
62 ham [0.88749584 0.11250416]
63 ham [0.99192004 0.00807996]
64 ham [9.99981719e-01 1.82813698e-05]
65 ham [0.95533173 0.04466827]
66 ham [0.99534302 0.00465698]
67 spam [0.00445882 0.99554118]
68 ham [0.9979981 0.0020019]
69 ham [0.83581107 0.16418893]
70 ham [0.79409397 0.20590603]
71 ham [0.75521799 0.24478201]
72 ham [0.82962963 0.17037037]
73 ham [0.90464564 0.09535436]
74 ham [0.97979095 0.02020905]
75 ham [0.98351128 0.01648872]
76 ham [9.99679091e-01 3.20909281e-04]
77 ham [0.99718545 0.00281455]
78 ham [0.89886335 0.10113665]
79 ham [0.98923179 0.01076821]
80 ham [0.77871829 0.22128171]
81 ham [0.98905523 0.01094477]
82 ham [9.99623521e-01 3.76478769e-04]
83 ham [9.99247990e-01 7.52009834e-04]
84 ham [0.6125309 0.3874691]
85 ham [0.7435652 0.2564348]
86 ham [9.99837215e-01 1.62784586e-04]
87 ham [9.99835341e-01 1.64659458e-04]
88 ham [0.99495624 0.00504376]
89 ham [0.81627254 0.18372746]
90 ham [0.68098356 0.31901644]
91 ham [9.99999551e-01 4.49412104e-07]
92 ham [9.99767043e-01 2.32957236e-04]
93 spam [0.20749597 0.79250403]
94 ham [0.99799025 0.00200975]
95 ham [0.55971007 0.44028993]
96 ham [0.68985944 0.31014056]
97 ham [9.99127086e-01 8.72913905e-04]
98 ham [9.99997132e-01 2.86796704e-06]
99 ham [0.91365783 0.08634217]
100 ham [0.88913415 0.11086585]
101 ham [0.96326212 0.03673788]
102 ham [0.98365141 0.01634859]
103 ham [0.99506255 0.00493745]
104 ham [9.99953435e-01 4.65646925e-05]
105 ham [0.97833388 0.02166612]
106 ham [0.99787475 0.00212525]
107 ham [0.93328204 0.06671796]
108 ham [0.99280401 0.00719599]
109 ham [0.96994488 0.03005512]
110 ham [0.86515918 0.13484082]
111 ham [0.9147442 0.0852558]
112 ham [0.94768666 0.05231334]
113 ham [9.99996254e-01 3.74633980e-06]
114 ham [0.63114365 0.36885635]
115 ham [0.79628906 0.20371094]
116 ham [0.99817448 0.00182552]
117 spam [0.00445448 0.99554552]
118 ham [0.52624855 0.47375145]
119 ham [0.9949166 0.0050834]
120 spam [0.05144738 0.94855262]
121 spam [0.3421944 0.6578056]
122 ham [0.99399242 0.00600758]
123 spam [1.22126353e-04 9.99877874e-01]
124 ham [0.99134166 0.00865834]
125 ham [0.92557658 0.07442342]
126 ham [0.89294973 0.10705027]
127 ham [9.99999881e-01 1.18797996e-07]
128 ham [0.94635137 0.05364863]
129 ham [0.82962963 0.17037037]
130 ham [0.97210551 0.02789449]
131 ham [0.82962963 0.17037037]
132 ham [0.84272298 0.15727702]
133 ham [0.95671484 0.04328516]
134 ham [0.98268577 0.01731423]
135 ham [0.82278318 0.17721682]
136 ham [0.9236827 0.0763173]
137 ham [0.91335429 0.08664571]
138 ham [0.9103441 0.0896559]
139 ham [0.92476095 0.07523905]
140 ham [0.99718431 0.00281569]
141 ham [9.99522564e-01 4.77436386e-04]
142 ham [0.91530031 0.08469969]
143 spam [0.32238129 0.67761871]
144 ham [0.97799621 0.02200379]
145 ham [0.98746071 0.01253929]
146 ham [0.85153653 0.14846347]
147 ham [0.7623931 0.2376069]
148 ham [0.96077909 0.03922091]
149 ham [0.97776871 0.02223129]
