0 ham [0.55082928 0.44917072]
1 ham [0.95033553 0.04966447]
2 spam [1.15598741e-18 1.00000000e+00]
3 ham [9.99866626e-01 1.33373860e-04]
4 ham [9.99999569e-01 4.31091557e-07]
5 ham [0.99700894 0.00299106]
6 ham [9.99999338e-01 6.61891138e-07]
7 ham [1.00000000e+00 1.64050975e-14]
8 spam [6.31324476e-20 1.00000000e+00]
9 spam [8.63005705e-20 1.00000000e+00]
10 ham [1.00000000e+00 1.38930492e-12]
11 spam [2.32369722e-13 1.00000000e+00]
12 spam [3.5308326e-20 1.0000000e+00]
13 ham [1.00000000e+00 1.56497763e-12]
14 ham [0.74293361 0.25706639]
15 spam [6.37015808e-08 9.99999936e-01]
16 ham [0.99799327 0.00200673]
17 ham [9.99994090e-01 5.91022651e-06]
18 ham [9.99998323e-01 1.67705497e-06]
19 spam [4.84560876e-11 1.00000000e+00]
20 ham [0.99259676 0.00740324]
21 ham [0.87903173 0.12096827]
22 ham [9.99130219e-01 8.69780881e-04]
23 ham [9.99999999e-01 1.39292852e-09]
24 ham [9.99999394e-01 6.06385353e-07]
25 ham [9.99999999e-01 5.53958059e-10]
26 ham [0.99206834 0.00793166]
27 ham [1.00000000e+00 1.89332591e-14]
28 ham [1.00000000e+00 3.32528781e-15]
29 ham [9.99989721e-01 1.02786944e-05]
30 ham [1.00000000e+00 2.19662921e-13]
31 ham [1.00000000e+00 1.86194595e-12]
32 ham [0.99871723 0.00128277]
33 ham [0.99443684 0.00556316]
34 spam [3.99032826e-06 9.99996010e-01]
35 ham [1.00000000e+00 6.20568428e-11]
36 ham [1.00000000e+00 7.69051354e-11]
37 ham [9.99985101e-01 1.48993305e-05]
38 ham [0.83725249 0.16274751]
39 ham [1.000000e+00 3.295826e-12]
40 ham [9.99999999e-01 6.51749244e-10]
41 ham [1.00000000e+00 2.25509478e-27]
42 spam [1.16772471e-12 1.00000000e+00]
43 spam [0.37982148 0.62017852]
44 ham [1.00000000e+00 1.47187723e-14]
45 ham [0.9864394 0.0135606]
46 ham [9.99194733e-01 8.05267379e-04]
47 ham [0.89905495 0.10094505]
48 ham [9.99999999e-01 9.95934895e-10]
49 ham [1.00000000e+00 4.33430005e-14]
50 ham [9.99999997e-01 2.56177957e-09]
51 ham [1.00000000e+00 7.59885216e-14]
52 ham [0.99823029 0.00176971]
53 ham [1.0000000e+00 3.1096493e-31]
54 spam [4.88637436e-09 9.99999995e-01]
55 ham [9.99998205e-01 1.79484828e-06]
56 spam [1.21988622e-25 1.00000000e+00]
57 ham [9.99999941e-01 5.88494330e-08]
58 ham [0.99829644 0.00170356]
59 ham [0.86144153 0.13855847]
60 ham [9.99999860e-01 1.40205051e-07]
61 ham [0.89426263 0.10573737]
62 ham [0.9580537 0.0419463]
63 ham [9.99999998e-01 2.33985848e-09]
64 ham [9.99999988e-01 1.19588958e-08]
65 spam [0.40759341 0.59240659]
66 ham [9.99159255e-01 8.40745326e-04]
67 spam [5.90670328e-17 1.00000000e+00]
68 ham [9.99859779e-01 1.40221046e-04]
69 ham [9.99394389e-01 6.05610556e-04]
70 ham [0.80386812 0.19613188]
71 ham [0.99768656 0.00231344]
72 spam [0.00510432 0.99489568]
73 ham [9.99848017e-01 1.51983486e-04]
74 ham [9.99214932e-01 7.85068368e-04]
75 ham [0.9817189 0.0182811]
76 ham [9.99999997e-01 2.52948720e-09]
77 ham [9.99999092e-01 9.08190715e-07]
78 ham [9.99999956e-01 4.38935750e-08]
79 ham [9.99999964e-01 3.62724292e-08]
80 ham [9.99999850e-01 1.49978078e-07]
81 ham [9.99997806e-01 2.19413465e-06]
82 ham [1.00000000e+00 4.42740314e-10]
83 ham [9.99999950e-01 4.98230043e-08]
84 ham [0.68567494 0.31432506]
85 ham [9.99978555e-01 2.14446020e-05]
86 ham [1.00000000e+00 3.59546749e-11]
87 ham [1.00000000e+00 7.53659292e-11]
88 ham [9.99993741e-01 6.25890522e-06]
89 spam [0.2488647 0.7511353]
90 spam [0.05735109 0.94264891]
91 ham [1.00000000e+00 3.81741476e-18]
92 ham [0.92830477 0.07169523]
93 spam [2.75413843e-21 1.00000000e+00]
94 ham [9.99999123e-01 8.77029041e-07]
95 spam [2.54639459e-10 1.00000000e+00]
96 spam [0.47623298 0.52376702]
97 ham [9.99999497e-01 5.03248020e-07]
98 ham [9.99999998e-01 1.71132405e-09]
99 ham [9.99646206e-01 3.53794046e-04]
100 ham [9.99996466e-01 3.53429984e-06]
101 ham [9.99516960e-01 4.83039959e-04]
102 ham [9.99992645e-01 7.35502123e-06]
103 ham [9.99999864e-01 1.35736941e-07]
104 ham [1.00000000e+00 6.89287621e-12]
105 ham [9.99960026e-01 3.99738697e-05]
106 ham [0.99782954 0.00217046]
107 ham [9.99999982e-01 1.77965695e-08]
108 ham [9.99917227e-01 8.27725789e-05]
109 ham [9.99999985e-01 1.45315191e-08]
110 ham [9.99707223e-01 2.92777157e-04]
111 ham [9.99777209e-01 2.22790539e-04]
112 ham [0.74257295 0.25742705]
113 ham [1.00000000e+00 6.92105403e-13]
114 spam [5.14990692e-29 1.00000000e+00]
115 ham [0.99882273 0.00117727]
116 ham [1.00000000e+00 1.14030501e-18]
117 spam [4.2456499e-20 1.0000000e+00]
118 spam [0.01749464 0.98250536]
119 ham [9.99984305e-01 1.56952360e-05]
120 spam [1.71851383e-18 1.00000000e+00]
121 spam [8.03479549e-22 1.00000000e+00]
122 ham [9.99641758e-01 3.58241974e-04]
123 spam [6.14396002e-12 1.00000000e+00]
124 ham [9.99994503e-01 5.49726885e-06]
125 ham [0.98149677 0.01850323]
126 ham [0.96890793 0.03109207]
127 ham [1.00000000e+00 2.13945158e-26]
128 ham [9.99926837e-01 7.31629781e-05]
129 spam [3.61115003e-09 9.99999996e-01]
130 ham [9.99927338e-01 7.26623167e-05]
131 ham [0.99816567 0.00183433]
132 ham [0.90534704 0.09465296]
133 ham [0.96066816 0.03933184]
134 spam [2.85477256e-05 9.99971452e-01]
135 spam [9.308163e-23 1.000000e+00]
136 ham [0.6354605 0.3645395]
137 ham [9.99916682e-01 8.33176737e-05]
138 ham [9.99951741e-01 4.82594816e-05]
139 spam [9.52241737e-05 9.99904776e-01]
140 ham [1.0000000e+00 1.1903801e-11]
141 ham [9.99999995e-01 5.47358768e-09]
142 ham [0.75349334 0.24650666]
143 ham [0.93066064 0.06933936]
144 ham [9.99999989e-01 1.11558855e-08]
145 ham [0.99678479 0.00321521]
146 spam [0.30465722 0.69534278]
147 ham [0.86246974 0.13753026]
148 ham [0.93345797 0.06654203]
149 ham [0.99103971 0.00896029]
150 ham [0.9985523 0.0014477]
151 ham [9.99996227e-01 3.77308417e-06]
152 ham [9.99910079e-01 8.99214952e-05]
153 spam [0.09525093 0.90474907]
154 ham [9.99999864e-01 1.35736941e-07]
155 ham [1.000000e+00 2.321613e-33]
156 ham [0.99778896 0.00221104]
157 ham [9.99733966e-01 2.66033567e-04]
158 ham [1.00000000e+00 5.45023705e-25]
159 spam [5.52905416e-07 9.99999447e-01]
160 spam [8.42402589e-20 1.00000000e+00]
161 ham [1.00000000e+00 3.22188339e-18]
162 ham [9.99578363e-01 4.21637247e-04]
163 ham [1.00000000e+00 1.04855953e-12]
164 spam [1.54203166e-13 1.00000000e+00]
165 spam [3.76291839e-05 9.99962371e-01]
166 ham [0.98846071 0.01153929]
167 spam [1.72612824e-25 1.00000000e+00]
168 ham [0.64218785 0.35781215]
169 ham [9.99802619e-01 1.97381254e-04]
170 ham [0.98082618 0.01917382]
171 ham [9.99903657e-01 9.63426084e-05]
172 ham [0.99534597 0.00465403]
173 ham [9.99989085e-01 1.09148575e-05]
174 ham [9.99069259e-01 9.30741062e-04]
175 ham [9.99999997e-01 2.98857283e-09]
176 ham [1.00000000e+00 2.96071815e-12]
177 ham [9.99395089e-01 6.04911394e-04]
178 ham [1.00000000e+00 1.16182649e-19]
179 ham [9.99999986e-01 1.36706365e-08]
180 ham [0.99688714 0.00311286]
181 ham [1.00000000e+00 3.46192455e-12]
182 ham [9.99057497e-01 9.42502762e-04]
183 ham [9.99999998e-01 1.52033812e-09]
184 ham [0.99663859 0.00336141]
185 ham [0.84017512 0.15982488]
186 ham [9.99999999e-01 1.35991466e-09]
187 ham [9.99835424e-01 1.64576196e-04]
188 spam [2.47155524e-20 1.00000000e+00]
189 ham [9.99999952e-01 4.82914552e-08]
190 ham [1.0000000e+00 2.7369537e-10]
191 spam [0.00308377 0.99691623]
192 ham [1.00000000e+00 1.11807772e-18]
193 ham [0.96835801 0.03164199]
194 ham [9.99789771e-01 2.10228562e-04]
195 ham [1.00000000e+00 1.19803337e-10]
196 ham [9.99792180e-01 2.07820161e-04]
197 ham [9.99997270e-01 2.73018556e-06]
198 ham [0.99532822 0.00467178]
199 ham [1.00000000e+00 1.20106486e-15]
200 ham [9.99999882e-01 1.17754235e-07]
201 ham [9.99999958e-01 4.19964456e-08]
202 ham [9.99999786e-01 2.14451734e-07]
203 ham [9.99999963e-01 3.67379933e-08]
204 ham [0.51091446 0.48908554]
205 ham [0.98941617 0.01058383]
206 ham [9.99761434e-01 2.38566114e-04]
207 ham [1.00000000e+00 1.26098252e-18]
208 spam [0.1296777 0.8703223]
209 ham [9.99485156e-01 5.14843773e-04]
210 ham [9.99433264e-01 5.66736383e-04]
211 ham [9.99999994e-01 6.49804862e-09]
212 ham [9.99789691e-01 2.10309376e-04]
213 ham [0.85334881 0.14665119]
214 ham [0.89875271 0.10124729]
215 ham [9.99707720e-01 2.92279993e-04]
216 spam [0.10135171 0.89864829]
217 ham [9.99887677e-01 1.12323117e-04]
218 ham [0.74926414 0.25073586]
219 ham [9.99917485e-01 8.25146282e-05]
220 ham [1.00000000e+00 7.85815425e-23]
221 ham [0.99381625 0.00618375]
222 ham [9.99895907e-01 1.04093341e-04]
223 ham [9.99999874e-01 1.25847179e-07]
224 ham [9.99999901e-01 9.85286601e-08]
225 spam [9.93901841e-18 1.00000000e+00]
226 ham [9.99999713e-01 2.86722253e-07]
227 spam [1.84095071e-07 9.99999816e-01]
228 spam [0.33184801 0.66815199]
229 ham [0.99604264 0.00395736]
230 ham [9.99979572e-01 2.04284631e-05]
231 ham [9.99938836e-01 6.11636756e-05]
232 ham [9.99289668e-01 7.10332488e-04]
233 ham [9.99800124e-01 1.99875520e-04]
234 ham [0.96384872 0.03615128]
235 spam [6.31151112e-09 9.99999994e-01]
236 ham [1.00000000e+00 9.89811399e-11]
237 ham [9.99998727e-01 1.27292421e-06]
238 ham [0.99786047 0.00213953]
239 ham [9.99999905e-01 9.45296951e-08]
240 spam [0.07755918 0.92244082]
241 ham [9.99797506e-01 2.02493969e-04]
242 spam [0.04981681 0.95018319]
243 ham [9.99890433e-01 1.09566871e-04]
244 ham [1.00000000e+00 1.18109354e-14]
245 ham [9.99493793e-01 5.06206827e-04]
246 ham [1.00000000e+00 5.52510456e-14]
247 ham [0.99651896 0.00348104]
248 spam [0.32157011 0.67842989]
249 ham [9.99999993e-01 6.57421583e-09]
250 spam [1.50579102e-30 1.00000000e+00]
251 spam [0.04572721 0.95427279]
252 ham [0.97722781 0.02277219]
253 ham [9.99992862e-01 7.13839291e-06]
254 ham [9.99212148e-01 7.87851816e-04]
255 ham [9.99999980e-01 1.99768357e-08]
256 ham [9.99999821e-01 1.79364878e-07]
257 ham [0.98900912 0.01099088]
258 ham [1.00000000e+00 4.88949392e-10]
259 spam [4.50588143e-15 1.00000000e+00]
260 ham [9.99995080e-01 4.92022468e-06]
261 ham [0.94816231 0.05183769]
262 ham [9.99999991e-01 8.88204719e-09]
263 spam [5.28684464e-04 9.99471316e-01]
264 spam [0.24910499 0.75089501]
265 ham [0.99011077 0.00988923]
266 spam [0.21796038 0.78203962]
267 ham [9.99892824e-01 1.07176279e-04]
268 spam [1.00095314e-18 1.00000000e+00]
269 ham [0.99853732 0.00146268]
270 spam [1.48753731e-08 9.99999985e-01]
271 spam [0.25835294 0.74164706]
272 ham [0.99437282 0.00562718]
273 spam [5.52233017e-10 9.99999999e-01]
274 ham [9.99861936e-01 1.38064006e-04]
275 ham [0.99110291 0.00889709]
276 ham [0.78532465 0.21467535]
277 ham [0.94295049 0.05704951]
278 ham [9.99999999e-01 1.42968068e-09]
279 ham [9.99999680e-01 3.19834716e-07]
280 ham [0.72085688 0.27914312]
281 ham [0.9843223 0.0156777]
282 ham [9.99978078e-01 2.19218317e-05]
283 ham [9.99887826e-01 1.12174188e-04]
284 ham [0.78532465 0.21467535]
285 ham [1.000000e+00 1.398969e-16]
286 ham [9.99999986e-01 1.36792740e-08]
287 ham [0.78532465 0.21467535]
288 ham [1.0000000e+00 9.9965345e-12]
289 ham [1.00000000e+00 1.85269134e-15]
290 ham [0.96658743 0.03341257]
291 ham [0.9097178 0.0902822]
292 ham [9.99666543e-01 3.33457135e-04]
293 ham [0.99172014 0.00827986]
294 ham [9.99707711e-01 2.92288700e-04]
295 ham [0.87316762 0.12683238]
296 spam [2.18541815e-23 1.00000000e+00]
297 ham [0.95190551 0.04809449]
298 ham [1.00000000e+00 1.40213434e-12]
299 ham [0.99870141 0.00129859]
300 ham [9.99991115e-01 8.88474202e-06]
301 ham [9.99999953e-01 4.66861193e-08]
302 ham [9.99999710e-01 2.90043656e-07]
303 ham [9.99998355e-01 1.64457385e-06]
304 ham [0.99366946 0.00633054]
305 spam [6.43157558e-13 1.00000000e+00]
306 ham [9.99999653e-01 3.47124407e-07]
307 ham [9.99015315e-01 9.84684731e-04]
308 ham [0.99780492 0.00219508]
309 spam [6.33615188e-07 9.99999366e-01]
310 ham [0.99751732 0.00248268]
311 spam [2.71309084e-05 9.99972869e-01]
312 spam [2.63127715e-13 1.00000000e+00]
313 ham [1.00000000e+00 1.07527018e-15]
314 ham [1.00000000e+00 1.42112221e-12]
315 ham [9.99999971e-01 2.90215116e-08]
316 ham [0.86082166 0.13917834]
317 ham [9.99463441e-01 5.36559009e-04]
318 ham [9.99627330e-01 3.72669737e-04]
319 spam [6.31882852e-22 1.00000000e+00]
320 ham [0.99844647 0.00155353]
321 ham [9.99902698e-01 9.73024603e-05]
322 ham [9.99939152e-01 6.08480403e-05]
323 spam [0.29281429 0.70718571]
324 ham [9.99999991e-01 9.47119523e-09]
325 ham [9.99997966e-01 2.03447295e-06]
326 ham [0.99164944 0.00835056]
327 ham [0.96934676 0.03065324]
328 ham [9.99999906e-01 9.37203321e-08]
329 ham [9.99998188e-01 1.81191669e-06]
330 ham [1.00000000e+00 3.70668532e-11]
331 spam [0.43250182 0.56749818]
332 ham [9.99283622e-01 7.16377884e-04]
333 spam [7.16513212e-10 9.99999999e-01]
334 ham [9.99869344e-01 1.30655803e-04]
335 spam [1.93614680e-07 9.99999806e-01]
336 ham [9.99999779e-01 2.21368628e-07]
337 ham [9.99612928e-01 3.87072235e-04]
338 ham [0.7651962 0.2348038]
339 ham [9.99999642e-01 3.58171418e-07]
340 spam [0.23091441 0.76908559]
341 ham [9.99332468e-01 6.67531518e-04]
342 ham [9.99999073e-01 9.26762672e-07]
343 ham [0.88227236 0.11772764]
344 ham [9.99893426e-01 1.06574285e-04]
345 ham [0.94958034 0.05041966]
346 ham [0.99810416 0.00189584]
347 ham [9.99992177e-01 7.82340003e-06]
348 spam [0.34789022 0.65210978]
349 spam [2.15089088e-07 9.99999785e-01]
350 ham [9.99999655e-01 3.44537828e-07]
351 ham [9.99999562e-01 4.37524582e-07]
352 ham [1.00000000e+00 3.44674365e-13]
353 ham [9.99999437e-01 5.63477484e-07]
354 ham [9.99999910e-01 9.01451219e-08]
355 ham [9.99951408e-01 4.85923519e-05]
356 ham [9.99327381e-01 6.72619370e-04]
357 spam [1.12931928e-30 1.00000000e+00]
358 spam [1.30043983e-12 1.00000000e+00]
359 ham [1.00000000e+00 2.15340086e-15]
360 ham [9.99999242e-01 7.58290703e-07]
361 spam [0.30518362 0.69481638]
362 ham [0.98683478 0.01316522]
363 ham [0.88137789 0.11862211]
364 ham [9.99882618e-01 1.17382361e-04]
365 ham [1.00000000e+00 1.05603289e-21]
366 ham [9.99999991e-01 8.68248991e-09]
367 spam [1.95641626e-17 1.00000000e+00]
368 spam [4.86589275e-13 1.00000000e+00]
369 ham [0.69571202 0.30428798]
370 ham [9.99999638e-01 3.62383863e-07]
371 ham [1.00000000e+00 1.65666543e-23]
372 ham [9.99999937e-01 6.30945480e-08]
373 ham [1.00000000e+00 2.16463056e-11]
374 ham [1.00000000e+00 5.22336106e-24]
375 spam [1.27400783e-04 9.99872599e-01]
376 ham [9.99274722e-01 7.25278482e-04]
377 ham [0.99015622 0.00984378]
378 ham [9.99626149e-01 3.73851138e-04]
379 ham [0.9915638 0.0084362]
380 ham [9.99999954e-01 4.56153987e-08]
381 ham [1.00000000e+00 2.26407576e-24]
382 ham [9.99879125e-01 1.20875492e-04]
383 ham [0.99483518 0.00516482]
384 ham [9.99995321e-01 4.67874097e-06]
385 spam [6.00247142e-11 1.00000000e+00]
386 ham [0.68000306 0.31999694]
387 ham [9.99567707e-01 4.32293161e-04]
388 ham [9.99967328e-01 3.26716344e-05]
389 spam [8.55830898e-24 1.00000000e+00]
390 ham [9.99454410e-01 5.45590288e-04]
391 ham [0.97921132 0.02078868]
392 ham [9.99664028e-01 3.35972212e-04]
393 ham [9.99869571e-01 1.30428607e-04]
394 ham [1.00000000e+00 3.31652811e-18]
395 ham [9.99718062e-01 2.81938176e-04]
396 spam [0.4436936 0.5563064]
397 ham [9.99999907e-01 9.29898371e-08]
398 ham [1.00000000e+00 1.49609206e-11]
399 ham [9.99977192e-01 2.28077363e-05]
400 ham [0.93190009 0.06809991]
401 spam [9.75280047e-13 1.00000000e+00]
402 ham [9.99986815e-01 1.31853101e-05]
403 ham [0.82778786 0.17221214]
404 ham [9.99979491e-01 2.05091032e-05]
405 ham [9.99999965e-01 3.52762064e-08]
406 ham [9.99997219e-01 2.78114105e-06]
407 ham [9.99999311e-01 6.88888144e-07]
408 ham [0.83706212 0.16293788]
409 ham [0.68103813 0.31896187]
410 spam [1.09214751e-05 9.99989079e-01]
411 ham [9.99990602e-01 9.39798464e-06]
412 ham [9.99967369e-01 3.26310187e-05]
413 ham [0.6637794 0.3362206]
414 ham [0.91720844 0.08279156]
415 spam [1.52961217e-04 9.99847039e-01]
416 ham [0.99254288 0.00745712]
417 ham [9.99288499e-01 7.11500673e-04]
418 spam [1.71230472e-15 1.00000000e+00]
419 ham [9.99999992e-01 7.88792822e-09]
420 spam [1.3935292e-15 1.0000000e+00]
421 ham [0.98218898 0.01781102]
422 spam [5.27810275e-08 9.99999947e-01]
423 ham [0.65262109 0.34737891]
424 spam [3.42733896e-20 1.00000000e+00]
425 ham [9.99998660e-01 1.34020247e-06]
426 ham [9.99999416e-01 5.83555247e-07]
427 ham [0.99852222 0.00147778]
428 spam [0.13740261 0.86259739]
429 ham [9.99998936e-01 1.06384304e-06]
430 ham [1.00000000e+00 2.98490372e-10]
431 ham [0.99646642 0.00353358]
432 ham [0.63988796 0.36011204]
433 spam [6.51567251e-16 1.00000000e+00]
434 spam [0.36496034 0.63503966]
435 ham [9.99999999e-01 5.73873212e-10]
436 ham [1.00000000e+00 1.38935174e-15]
437 ham [9.99950344e-01 4.96561061e-05]
438 ham [0.99646655 0.00353345]
439 ham [0.97168934 0.02831066]
440 ham [1.00000000e+00 3.72433332e-11]
441 ham [0.98305474 0.01694526]
442 ham [0.99580761 0.00419239]
443 ham [1.00000000e+00 1.04072841e-10]
444 ham [9.99999511e-01 4.89401909e-07]
445 spam [2.32392437e-05 9.99976761e-01]
446 ham [1.0000000e+00 9.5719674e-13]
447 ham [0.99524827 0.00475173]
448 ham [9.99999994e-01 5.67140814e-09]
449 ham [9.99682887e-01 3.17112986e-04]
450 ham [0.75310813 0.24689187]
451 ham [0.57757976 0.42242024]
452 ham [9.99999971e-01 2.86718210e-08]
453 ham [0.98796804 0.01203196]
454 ham [9.99999999e-01 9.01587148e-10]
455 spam [3.99756052e-08 9.99999960e-01]
456 ham [9.99847300e-01 1.52700117e-04]
457 spam [0.01511188 0.98488812]
458 ham [9.99999979e-01 2.08689125e-08]
459 ham [0.99401021 0.00598979]
460 ham [9.99962111e-01 3.78892772e-05]
461 ham [9.99995688e-01 4.31169672e-06]
462 ham [0.52419908 0.47580092]
463 spam [8.76418011e-20 1.00000000e+00]
464 ham [9.99999549e-01 4.51233488e-07]
465 ham [9.99999784e-01 2.15540495e-07]
466 ham [1.0000000e+00 4.8628736e-14]
467 ham [9.99969586e-01 3.04144819e-05]
468 ham [9.99974036e-01 2.59643854e-05]
469 ham [9.99920876e-01 7.91242988e-05]
470 ham [0.99699875 0.00300125]
471 spam [4.74101589e-12 1.00000000e+00]
472 ham [0.99831473 0.00168527]
473 ham [1.00000000e+00 9.53595267e-22]
474 spam [8.28090117e-23 1.00000000e+00]
475 ham [0.91149541 0.08850459]
476 ham [9.99998713e-01 1.28688524e-06]
477 ham [0.96697696 0.03302304]
478 spam [0.22358531 0.77641469]
479 ham [9.99999998e-01 1.63376496e-09]
480 ham [9.99998246e-01 1.75401900e-06]
481 ham [9.99736107e-01 2.63893108e-04]
482 ham [9.99999953e-01 4.65367029e-08]
483 ham [0.96093584 0.03906416]
484 ham [9.9999037e-01 9.6300438e-06]
485 spam [0.0933185 0.9066815]
486 ham [0.98750489 0.01249511]
487 spam [4.68096911e-16 1.00000000e+00]
488 ham [9.99157130e-01 8.42870301e-04]
489 ham [9.99944956e-01 5.50439808e-05]
490 ham [9.99999912e-01 8.79433395e-08]
491 ham [1.00000000e+00 5.98260314e-12]
492 spam [1.68940467e-25 1.00000000e+00]
493 ham [9.99991609e-01 8.39108028e-06]
494 ham [9.99999930e-01 6.97735078e-08]
495 ham [9.99627251e-01 3.72749203e-04]
496 ham [0.67212141 0.32787859]
497 ham [9.99989733e-01 1.02673123e-05]
498 ham [9.99788947e-01 2.11053196e-04]
499 spam [0.30834167 0.69165833]
500 ham [9.99743781e-01 2.56219200e-04]
501 ham [0.95976067 0.04023933]
502 ham [0.99856627 0.00143373]
503 spam [0.48615497 0.51384503]
504 ham [0.85725715 0.14274285]
505 spam [1.06045052e-14 1.00000000e+00]
506 ham [9.99999994e-01 6.41137100e-09]
507 ham [0.95279448 0.04720552]
508 ham [1.00000000e+00 1.10769304e-14]
509 ham [0.9762907 0.0237093]
510 spam [4.97513264e-05 9.99950249e-01]
511 ham [9.99999996e-01 3.73106595e-09]
512 ham [0.99862782 0.00137218]
513 ham [0.9815967 0.0184033]
514 spam [0.31990218 0.68009782]
515 spam [2.27076824e-17 1.00000000e+00]
516 spam [0.15993959 0.84006041]
517 spam [1.12281284e-13 1.00000000e+00]
518 spam [8.22064272e-07 9.99999178e-01]
519 ham [1.00000000e+00 2.56270442e-11]
520 ham [9.99999632e-01 3.68281679e-07]
521 ham [0.99650558 0.00349442]
522 ham [9.99954939e-01 4.50605730e-05]
523 ham [0.98825897 0.01174103]
524 ham [0.99247465 0.00752535]
525 spam [2.97655416e-21 1.00000000e+00]
526 ham [9.99989138e-01 1.08621842e-05]
527 spam [3.08804504e-12 1.00000000e+00]
528 ham [9.99747489e-01 2.52511499e-04]
529 spam [1.65687614e-04 9.99834312e-01]
530 ham [0.99839228 0.00160772]
531 spam [5.36781925e-23 1.00000000e+00]
532 ham [0.53015827 0.46984173]
533 ham [0.99807346 0.00192654]
534 ham [9.99730606e-01 2.69394267e-04]
535 ham [1.00000000e+00 1.53615678e-23]
536 ham [1.00000000e+00 1.43429356e-17]
537 ham [9.99999811e-01 1.89458457e-07]
538 ham [9.99994705e-01 5.29505428e-06]
539 ham [0.99756852 0.00243148]
540 ham [9.99980425e-01 1.95746710e-05]
541 spam [2.74557968e-12 1.00000000e+00]
542 spam [0.27582934 0.72417066]
543 ham [9.99999916e-01 8.38389213e-08]
544 spam [0.40786421 0.59213579]
545 ham [9.99996830e-01 3.17004383e-06]
546 ham [0.81015531 0.18984469]
547 ham [1.00000000e+00 6.00344239e-21]
548 ham [0.99385177 0.00614823]
549 ham [9.99999030e-01 9.69593471e-07]
550 ham [1.00000000e+00 3.31808859e-14]
551 ham [1.00000000e+00 1.18942244e-14]
552 ham [0.99146631 0.00853369]
553 ham [0.99648985 0.00351015]
554 ham [1.00000000e+00 1.10159381e-13]
555 ham [0.95378487 0.04621513]
556 spam [0.35277818 0.64722182]
557 ham [0.99166914 0.00833086]
558 ham [9.99999960e-01 3.98109142e-08]
559 ham [9.99999977e-01 2.27764601e-08]
560 ham [9.99944176e-01 5.58235598e-05]
561 ham [9.99791577e-01 2.08423441e-04]
562 ham [0.99717636 0.00282364]
563 ham [9.99999999e-01 6.90151278e-10]
564 spam [2.54609102e-28 1.00000000e+00]
565 ham [1.00000000e+00 4.99076445e-30]
566 ham [0.88698667 0.11301333]
567 ham [0.92275217 0.07724783]
568 ham [1.00000000e+00 6.57794852e-20]
569 ham [9.99999895e-01 1.05066765e-07]
570 spam [0.38898163 0.61101837]
571 ham [9.99999999e-01 8.94794635e-10]
572 ham [9.99998463e-01 1.53690764e-06]
573 ham [0.99785831 0.00214169]
574 ham [0.90070073 0.09929927]
575 ham [0.92165061 0.07834939]
576 spam [2.27752374e-15 1.00000000e+00]
577 ham [1.00000000e+00 1.48188992e-13]
578 ham [9.99992417e-01 7.58264066e-06]
579 spam [2.25816365e-08 9.99999977e-01]
580 ham [0.98009801 0.01990199]
581 ham [0.99288205 0.00711795]
582 ham [9.99999703e-01 2.97049731e-07]
583 spam [1.13447828e-13 1.00000000e+00]
584 ham [9.99999934e-01 6.58537242e-08]
585 ham [9.99912784e-01 8.72164599e-05]
586 ham [9.99993749e-01 6.25146588e-06]
587 ham [9.99742993e-01 2.57006693e-04]
588 spam [0.22937731 0.77062269]
589 ham [0.53399541 0.46600459]
590 ham [9.99997619e-01 2.38103605e-06]
591 spam [1.95151852e-15 1.00000000e+00]
592 spam [1.03583527e-18 1.00000000e+00]
593 spam [3.91698766e-19 1.00000000e+00]
594 ham [0.90301506 0.09698494]
595 ham [0.98609929 0.01390071]
596 ham [9.99999192e-01 8.07915324e-07]
597 ham [9.99942749e-01 5.72514251e-05]
598 spam [2.33728997e-08 9.99999977e-01]
599 ham [0.98891168 0.01108832]
600 ham [9.99996955e-01 3.04488316e-06]
601 spam [0.00124437 0.99875563]
602 ham [9.99999996e-01 4.17641442e-09]
603 ham [0.85903828 0.14096172]
604 ham [9.99996780e-01 3.21982429e-06]
605 ham [0.94265013 0.05734987]
606 spam [0.24446823 0.75553177]
607 spam [1.51143703e-07 9.99999849e-01]
608 ham [9.99999991e-01 9.29695009e-09]
609 ham [0.85985292 0.14014708]
610 ham [9.99776364e-01 2.23635642e-04]
611 spam [4.55461021e-09 9.99999995e-01]
612 ham [9.99990031e-01 9.96897631e-06]
613 ham [0.99725523 0.00274477]
614 spam [4.29728008e-09 9.99999996e-01]
615 ham [9.99663282e-01 3.36718083e-04]
616 ham [9.99999998e-01 2.02920911e-09]
617 ham [9.99999998e-01 1.98253833e-09]
618 ham [0.89316766 0.10683234]
619 ham [0.99481024 0.00518976]
620 ham [0.6338997 0.3661003]
621 ham [1.00000000e+00 2.13247697e-10]
622 ham [0.99814408 0.00185592]
623 spam [1.39406510e-05 9.99986059e-01]
624 ham [9.99990362e-01 9.63788929e-06]
625 ham [9.99990442e-01 9.55799524e-06]
626 ham [9.99925502e-01 7.44978775e-05]
627 ham [9.99978659e-01 2.13414539e-05]
628 ham [1.00000000e+00 3.64195294e-10]
629 spam [2.20651024e-08 9.99999978e-01]
630 spam [5.81708029e-12 1.00000000e+00]
631 ham [9.99963050e-01 3.69502407e-05]
632 ham [0.84847332 0.15152668]
633 ham [9.99999889e-01 1.10612564e-07]
634 ham [0.62487856 0.37512144]
635 spam [2.29877017e-16 1.00000000e+00]
636 ham [0.9855049 0.0144951]
637 ham [9.99999830e-01 1.70326921e-07]
638 ham [0.98284989 0.01715011]
639 ham [9.99930769e-01 6.92306937e-05]
640 ham [9.99271297e-01 7.28703494e-04]
641 ham [1.0000000e+00 4.3032345e-13]
642 ham [9.99999974e-01 2.61518113e-08]
643 ham [9.99332671e-01 6.67329372e-04]
644 ham [0.99869431 0.00130569]
645 ham [9.99238977e-01 7.61023285e-04]
646 ham [9.99971355e-01 2.86452322e-05]
647 ham [1.00000000e+00 6.18383512e-12]
648 spam [1.02879825e-18 1.00000000e+00]
649 ham [9.99811931e-01 1.88069015e-04]
650 spam [9.02485452e-23 1.00000000e+00]
651 ham [0.52431103 0.47568897]
652 ham [1.00000000e+00 1.70424886e-11]
653 ham [9.99999941e-01 5.92573557e-08]
654 ham [9.99892492e-01 1.07507849e-04]
655 ham [9.99990847e-01 9.15316921e-06]
656 ham [0.98658819 0.01341181]
657 ham [9.99999999e-01 9.18377935e-10]
658 ham [9.99999928e-01 7.18377752e-08]
659 ham [9.99993186e-01 6.81366067e-06]
660 spam [0.01452065 0.98547935]
661 spam [0.2413671 0.7586329]
662 ham [0.85985292 0.14014708]
663 ham [9.99575820e-01 4.24179564e-04]
664 spam [0.44621118 0.55378882]
665 ham [0.97717092 0.02282908]
666 spam [0.03105996 0.96894004]
667 ham [1.0000000e+00 2.9084631e-12]
668 ham [9.99981031e-01 1.89688109e-05]
669 ham [0.99767079 0.00232921]
670 ham [0.98428952 0.01571048]
671 spam [0.04466734 0.95533266]
672 spam [2.9726726e-08 9.9999997e-01]
673 spam [2.69097134e-14 1.00000000e+00]
674 ham [1.00000000e+00 1.46037241e-19]
675 ham [1.00000000e+00 3.29233515e-14]
676 ham [9.99979779e-01 2.02213511e-05]
677 ham [0.79929603 0.20070397]
678 ham [1.00000000e+00 7.57913904e-11]
679 ham [9.99118224e-01 8.81775872e-04]
680 ham [1.00000000e+00 1.38534313e-11]
681 ham [0.99852009 0.00147991]
682 ham [0.78284083 0.21715917]
683 ham [0.98081858 0.01918142]
684 ham [1.00000000e+00 2.28715863e-12]
685 ham [1.00000000e+00 2.19757589e-10]
686 ham [0.99820718 0.00179282]
687 spam [0.33670502 0.66329498]
688 ham [9.99999625e-01 3.74791233e-07]
689 ham [9.99704963e-01 2.95036652e-04]
690 spam [0.24143462 0.75856538]
691 ham [0.7800768 0.2199232]
692 ham [0.97049154 0.02950846]
693 ham [9.99999996e-01 4.41120175e-09]
694 ham [9.99966843e-01 3.31574543e-05]
695 ham [9.99994158e-01 5.84174581e-06]
696 ham [9.99963442e-01 3.65582804e-05]
697 ham [0.99836185 0.00163815]
698 ham [9.99999972e-01 2.78782628e-08]
699 ham [0.9937724 0.0062276]
700 spam [0.16901181 0.83098819]
701 ham [9.99439522e-01 5.60477724e-04]
702 ham [9.99999836e-01 1.64257077e-07]
703 ham [0.99595675 0.00404325]
704 ham [9.99999996e-01 4.10740078e-09]
705 ham [9.99996094e-01 3.90590200e-06]
706 ham [1.00000000e+00 1.33874751e-10]
707 ham [9.99896660e-01 1.03340231e-04]
708 ham [0.9949774 0.0050226]
709 spam [4.05784388e-12 1.00000000e+00]
710 spam [4.4006467e-28 1.0000000e+00]
711 ham [0.59003449 0.40996551]
712 ham [1.00000000e+00 2.67519555e-16]
713 spam [4.55248275e-05 9.99954475e-01]
714 ham [9.99998930e-01 1.07040868e-06]
715 ham [9.99999933e-01 6.72814905e-08]
716 ham [9.99999203e-01 7.97199254e-07]
717 spam [3.9355563e-16 1.0000000e+00]
718 ham [1.00000000e+00 6.28198118e-14]
719 spam [5.34876751e-25 1.00000000e+00]
720 ham [9.99999984e-01 1.64067748e-08]
721 ham [0.995352 0.004648]
722 ham [0.97773785 0.02226215]
723 ham [0.80610508 0.19389492]
724 ham [0.91178664 0.08821336]
725 ham [1.00000000e+00 1.59965833e-16]
726 ham [0.87810265 0.12189735]
727 ham [1.00000000e+00 2.06239963e-18]
728 ham [0.96971229 0.03028771]
729 ham [0.92155733 0.07844267]
730 ham [0.99852175 0.00147825]
731 spam [1.96502814e-04 9.99803497e-01]
732 ham [0.99855537 0.00144463]
733 ham [9.99999995e-01 5.47920075e-09]
734 ham [0.98526956 0.01473044]
735 ham [0.90901146 0.09098854]
736 ham [9.99934752e-01 6.52480413e-05]
737 ham [9.99990834e-01 9.16587653e-06]
738 spam [8.2716242e-18 1.0000000e+00]
739 ham [9.99738739e-01 2.61260740e-04]
740 ham [9.99602432e-01 3.97567672e-04]
741 ham [9.99999701e-01 2.99063871e-07]
742 ham [9.99801946e-01 1.98053790e-04]
743 ham [1.00000000e+00 2.75151764e-19]
744 ham [0.87447316 0.12552684]
745 ham [0.50652943 0.49347057]
746 ham [0.99827925 0.00172075]
747 ham [1.00000000e+00 4.59462288e-13]
748 spam [4.25558128e-04 9.99574442e-01]
749 ham [9.99999994e-01 6.40350329e-09]
