0 ham [9.99695511e-01 3.04489079e-04]
1 ham [0.98818349 0.01181651]
2 spam [3.18519178e-08 9.99999968e-01]
3 ham [9.99985184e-01 1.48161171e-05]
4 ham [9.99991997e-01 8.00299397e-06]
5 ham [9.99907471e-01 9.25285174e-05]
6 ham [9.99999072e-01 9.27900218e-07]
7 ham [9.99861131e-01 1.38869227e-04]
8 spam [3.43894507e-08 9.99999966e-01]
9 spam [1.31160936e-10 1.00000000e+00]
10 ham [9.99999382e-01 6.17595650e-07]
11 spam [5.68182339e-04 9.99431818e-01]
12 spam [9.60148657e-04 9.99039851e-01]
13 ham [1.00000000e+00 1.27912965e-10]
14 ham [0.94430648 0.05569352]
15 spam [0.033832 0.966168]
16 ham [0.93824173 0.06175827]
17 ham [9.99999931e-01 6.92217641e-08]
18 ham [9.99996053e-01 3.94748512e-06]
19 spam [0.0084452 0.9915548]
20 ham [9.99364758e-01 6.35242303e-04]
21 ham [0.84229242 0.15770758]
22 ham [9.99935831e-01 6.41685502e-05]
23 ham [9.99999998e-01 2.35985825e-09]
24 ham [9.99996767e-01 3.23296488e-06]
25 ham [9.99999835e-01 1.65263717e-07]
26 ham [0.99840912 0.00159088]
27 ham [1.00000000e+00 2.37077238e-12]
28 ham [9.99995517e-01 4.48345411e-06]
29 ham [9.99995635e-01 4.36488915e-06]
30 ham [1.00000000e+00 2.92091614e-10]
31 ham [1.00000000e+00 1.80470958e-15]
32 ham [0.99769106 0.00230894]
33 ham [0.99891071 0.00108929]
34 spam [0.15422939 0.84577061]
35 ham [1.00000000e+00 1.47146765e-11]
36 ham [9.99998404e-01 1.59555909e-06]
37 ham [9.9989502e-01 1.0498044e-04]
38 ham [0.7613567 0.2386433]
39 ham [9.99998951e-01 1.04870179e-06]
40 ham [9.99995648e-01 4.35165126e-06]
41 ham [1.00000000e+00 1.18735409e-19]
42 spam [2.47038003e-07 9.99999753e-01]
43 ham [0.69835292 0.30164708]
44 ham [9.99999924e-01 7.56936968e-08]
45 ham [0.93184737 0.06815263]
46 ham [0.99780333 0.00219667]
47 ham [0.96702392 0.03297608]
48 ham [9.99999902e-01 9.75068367e-08]
49 ham [9.99999963e-01 3.72533188e-08]
50 ham [9.99999866e-01 1.33769880e-07]
51 ham [9.99949986e-01 5.00138699e-05]
52 ham [0.99860498 0.00139502]
53 ham [1.00000000e+00 3.14017827e-21]
54 spam [8.55475735e-04 9.99144524e-01]
55 ham [0.99857186 0.00142814]
56 spam [0.00769916 0.99230084]
57 ham [0.99612082 0.00387918]
58 ham [0.99822578 0.00177422]
59 ham [0.95625968 0.04374032]
60 ham [9.99972596e-01 2.74040244e-05]
61 ham [0.98480865 0.01519135]
62 ham [0.97476941 0.02523059]
63 ham [9.99999967e-01 3.28950770e-08]
64 ham [1.00000000e+00 3.56935846e-10]
65 ham [0.98534764 0.01465236]
66 ham [0.99845411 0.00154589]
67 spam [1.83135700e-06 9.99998169e-01]
68 ham [9.99991441e-01 8.55948548e-06]
69 ham [9.99380651e-01 6.19348552e-04]
70 ham [0.97898944 0.02101056]
71 ham [0.98303948 0.01696052]
72 spam [0.05035973 0.94964027]
73 ham [0.98179014 0.01820986]
74 ham [0.99672245 0.00327755]
75 ham [0.99844069 0.00155931]
76 ham [9.99997703e-01 2.29651869e-06]
77 ham [9.99999395e-01 6.05258124e-07]
78 ham [0.99778783 0.00221217]
79 ham [9.99995397e-01 4.60336998e-06]
80 ham [0.96661453 0.03338547]
81 ham [9.99674585e-01 3.25415194e-04]
82 ham [9.99999825e-01 1.74652590e-07]
83 ham [9.99996218e-01 3.78186528e-06]
84 ham [0.8605656 0.1394344]
85 ham [0.99781595 0.00218405]
86 ham [1.0000000e+00 2.1334608e-10]
87 ham [9.99999999e-01 6.31407347e-10]
88 ham [9.99947717e-01 5.22826870e-05]
89 ham [0.94678427 0.05321573]
90 ham [0.94752408 0.05247592]
91 ham [1.00000000e+00 5.72648699e-17]
92 ham [9.99808685e-01 1.91314804e-04]
93 spam [2.12503533e-07 9.99999787e-01]
94 ham [9.99998908e-01 1.09236096e-06]
95 spam [7.26818177e-04 9.99273182e-01]
96 ham [0.87667779 0.12332221]
97 ham [9.99999663e-01 3.37074215e-07]
98 ham [1.00000000e+00 1.72645256e-10]
99 ham [0.99810603 0.00189397]
100 ham [0.99645837 0.00354163]
101 ham [9.99965110e-01 3.48898364e-05]
102 ham [9.99691162e-01 3.08837716e-04]
103 ham [0.99099859 0.00900141]
104 ham [1.00000000e+00 2.00670419e-10]
105 ham [9.99938703e-01 6.12967692e-05]
106 ham [9.99727063e-01 2.72937080e-04]
107 ham [9.99944128e-01 5.58717859e-05]
108 ham [9.99968972e-01 3.10277243e-05]
109 ham [9.99999999e-01 6.70852303e-10]
110 ham [0.99049998 0.00950002]
111 ham [0.99861803 0.00138197]
112 ham [0.9854352 0.0145648]
113 ham [1.00000000e+00 1.01448493e-12]
114 spam [7.90055734e-09 9.99999992e-01]
115 ham [0.99259471 0.00740529]
116 ham [1.00000000e+00 6.00407274e-11]
117 spam [7.95833690e-06 9.99992042e-01]
118 ham [0.79667401 0.20332599]
119 ham [9.99983492e-01 1.65079350e-05]
120 spam [4.13686903e-10 1.00000000e+00]
121 spam [1.33203839e-07 9.99999867e-01]
122 ham [9.99930888e-01 6.91115234e-05]
123 spam [1.41425122e-06 9.99998586e-01]
124 ham [9.99918778e-01 8.12218733e-05]
125 ham [0.98133131 0.01866869]
126 ham [0.98703307 0.01296693]
127 ham [1.00000000e+00 8.51927388e-19]
128 ham [9.99294394e-01 7.05606183e-04]
129 spam [1.32719398e-04 9.99867281e-01]
130 ham [0.99845216 0.00154784]
131 ham [0.85481481 0.14518519]
132 ham [0.94196611 0.05803389]
133 ham [0.98920378 0.01079622]
134 ham [0.62795 0.37205]
135 spam [1.65701609e-05 9.99983430e-01]
136 ham [0.98117877 0.01882123]
137 ham [9.99434345e-01 5.65655046e-04]
138 ham [0.99866121 0.00133879]
139 spam [0.12268303 0.87731697]
140 ham [9.99999999e-01 8.10889739e-10]
141 ham [9.99792357e-01 2.07643392e-04]
142 ham [0.86086615 0.13913385]
143 ham [9.99992998e-01 7.00195767e-06]
144 ham [9.99998447e-01 1.55339386e-06]
145 ham [0.99832144 0.00167856]
146 ham [0.89929678 0.10070322]
147 ham [0.65908593 0.34091407]
148 ham [9.99482125e-01 5.17874803e-04]
149 ham [0.98964231 0.01035769]
150 ham [0.99741562 0.00258438]
151 ham [9.99297823e-01 7.02177352e-04]
152 ham [9.99987079e-01 1.29205001e-05]
153 spam [0.27836362 0.72163638]
154 ham [0.99099859 0.00900141]
155 ham [1.0000000e+00 1.2529213e-30]
156 ham [0.9890014 0.0109986]
157 ham [0.9732195 0.0267805]
158 ham [1.00000000e+00 1.35817707e-16]
159 spam [2.17931636e-04 9.99782068e-01]
160 spam [4.19436205e-06 9.99995806e-01]
161 ham [1.00000000e+00 1.18486396e-12]
162 ham [9.99880483e-01 1.19517401e-04]
163 ham [9.99999865e-01 1.35338567e-07]
164 spam [0.00469488 0.99530512]
165 spam [0.09282602 0.90717398]
166 ham [0.998413 0.001587]
167 spam [1.72852887e-08 9.99999983e-01]
168 ham [0.95457886 0.04542114]
169 ham [9.99961439e-01 3.85609480e-05]
170 ham [0.99833754 0.00166246]
171 ham [9.99655960e-01 3.44040293e-04]
172 ham [9.99781172e-01 2.18828374e-04]
173 ham [9.99949531e-01 5.04688649e-05]
174 ham [9.99997328e-01 2.67240707e-06]
175 ham [9.99969153e-01 3.08469590e-05]
176 ham [9.99999995e-01 4.83397135e-09]
177 ham [9.99213447e-01 7.86553018e-04]
178 ham [9.99999892e-01 1.08137593e-07]
179 ham [9.99999948e-01 5.24248322e-08]
180 ham [9.99722854e-01 2.77146058e-04]
181 ham [1.00000000e+00 1.05434905e-10]
182 ham [0.9946644 0.0053356]
183 ham [9.99991105e-01 8.89477498e-06]
184 ham [0.99282642 0.00717358]
185 ham [0.94314307 0.05685693]
186 ham [1.00000000e+00 1.46838044e-10]
187 ham [0.99871959 0.00128041]
188 spam [3.67160507e-07 9.99999633e-01]
189 ham [9.99999801e-01 1.98628125e-07]
190 ham [9.99999999e-01 9.11527171e-10]
191 ham [0.9907399 0.0092601]
192 ham [1.00000000e+00 2.43470181e-11]
193 ham [0.99762363 0.00237637]
194 ham [9.99830160e-01 1.69840432e-04]
195 ham [9.99999223e-01 7.77273013e-07]
196 ham [0.9989314 0.0010686]
197 ham [9.99943698e-01 5.63023593e-05]
198 ham [9.99863786e-01 1.36214154e-04]
199 ham [1.00000000e+00 6.33006433e-13]
200 ham [0.98738558 0.01261442]
201 ham [0.9982252 0.0017748]
202 ham [9.99999886e-01 1.14200332e-07]
203 spam [0.00801751 0.99198249]
204 ham [0.75204933 0.24795067]
205 ham [0.96000764 0.03999236]
206 ham [9.99951445e-01 4.85550717e-05]
207 ham [1.00000000e+00 4.38378144e-11]
208 spam [0.43564252 0.56435748]
209 ham [0.91441083 0.08558917]
210 ham [9.99931247e-01 6.87528056e-05]
211 ham [9.99994451e-01 5.54941502e-06]
212 ham [9.99397838e-01 6.02162333e-04]
213 ham [0.8562963 0.1437037]
214 ham [0.95789111 0.04210889]
215 ham [0.99592457 0.00407543]
216 spam [0.31743876 0.68256124]
217 ham [9.99069526e-01 9.30473626e-04]
218 ham [0.95703561 0.04296439]
219 ham [0.99588394 0.00411606]
220 ham [1.00000000e+00 3.64579732e-18]
221 ham [0.97522806 0.02477194]
222 ham [9.99999731e-01 2.68668966e-07]
223 ham [0.9634232 0.0365768]
224 ham [9.99999962e-01 3.81763484e-08]
225 spam [1.02456109e-05 9.99989754e-01]
226 ham [9.99903760e-01 9.62402135e-05]
227 spam [0.33615898 0.66384102]
228 ham [0.72013008 0.27986992]
229 ham [0.9963373 0.0036627]
230 ham [9.99931688e-01 6.83120541e-05]
231 ham [0.99230019 0.00769981]
232 ham [0.99864348 0.00135652]
233 ham [0.988318 0.011682]
234 ham [0.99721325 0.00278675]
235 spam [0.00163422 0.99836578]
236 ham [9.99956122e-01 4.38776035e-05]
237 ham [9.99773906e-01 2.26094035e-04]
238 ham [0.98651178 0.01348822]
239 ham [9.99968762e-01 3.12377923e-05]
240 ham [0.99720068 0.00279932]
241 ham [9.99727379e-01 2.72621257e-04]
242 spam [0.19755661 0.80244339]
243 ham [9.99952059e-01 4.79410768e-05]
244 ham [1.00000000e+00 1.36440091e-10]
245 ham [0.98188848 0.01811152]
246 ham [9.99999997e-01 3.25076191e-09]
247 ham [9.99721942e-01 2.78058197e-04]
248 ham [0.95158546 0.04841454]
249 ham [9.99999972e-01 2.75447157e-08]
250 spam [1.3229202e-13 1.0000000e+00]
251 spam [0.37383378 0.62616622]
252 ham [9.99998474e-01 1.52573660e-06]
253 ham [0.99740173 0.00259827]
254 ham [9.99999452e-01 5.47738152e-07]
255 ham [0.9985558 0.0014442]
256 ham [9.99862326e-01 1.37673908e-04]
257 ham [0.99704013 0.00295987]
258 ham [9.99998957e-01 1.04336528e-06]
259 spam [1.91947707e-05 9.99980805e-01]
260 ham [9.99992445e-01 7.55478701e-06]
261 ham [0.9375654 0.0624346]
262 ham [9.99986619e-01 1.33808052e-05]
263 spam [0.11038938 0.88961062]
264 ham [0.96927317 0.03072683]
265 ham [0.99429803 0.00570197]
266 ham [0.72196064 0.27803936]
267 ham [9.99854332e-01 1.45668475e-04]
268 spam [2.81250887e-06 9.99997187e-01]
269 ham [0.9963284 0.0036716]
270 spam [3.81513872e-04 9.99618486e-01]
271 spam [0.4717949 0.5282051]
272 ham [9.99966997e-01 3.30033076e-05]
273 spam [0.00542849 0.99457151]
274 ham [9.99917131e-01 8.28685064e-05]
275 ham [0.99483121 0.00516879]
276 ham [0.8562963 0.1437037]
277 ham [0.98346764 0.01653236]
278 ham [9.99667212e-01 3.32787726e-04]
279 ham [9.99995326e-01 4.67429587e-06]
280 ham [0.98692801 0.01307199]
281 ham [0.99695198 0.00304802]
282 ham [9.99999989e-01 1.05430648e-08]
283 ham [0.99894146 0.00105854]
284 ham [0.8562963 0.1437037]
285 ham [1.00000000e+00 5.36867268e-11]
286 ham [9.99999973e-01 2.65690187e-08]
287 ham [0.8562963 0.1437037]
288 ham [1.00000000e+00 4.01245672e-13]
289 ham [1.000000e+00 5.596565e-15]
290 ham [9.99912725e-01 8.72749897e-05]
291 ham [0.98431897 0.01568103]
292 ham [9.99985277e-01 1.47233798e-05]
293 ham [0.99758258 0.00241742]
294 ham [0.99866559 0.00133441]
295 ham [0.98452674 0.01547326]
296 spam [7.73682540e-10 9.99999999e-01]
297 ham [0.94275889 0.05724111]
298 ham [1.00000000e+00 1.41870318e-12]
299 ham [0.99860553 0.00139447]
300 ham [9.99795830e-01 2.04170405e-04]
301 ham [9.99999911e-01 8.89166212e-08]
302 ham [9.99999996e-01 3.50285753e-09]
303 ham [9.99998961e-01 1.03929087e-06]
304 ham [0.9649482 0.0350518]
305 spam [0.05981375 0.94018625]
306 ham [9.99998695e-01 1.30477891e-06]
307 ham [0.99808883 0.00191117]
308 ham [0.99757742 0.00242258]
309 spam [0.04630718 0.95369282]
310 ham [0.98930718 0.01069282]
311 spam [0.17631845 0.82368155]
312 spam [0.01203239 0.98796761]
313 ham [1.00000000e+00 8.54533318e-12]
314 ham [1.00000000e+00 5.40013395e-12]
315 ham [9.99994188e-01 5.81158686e-06]
316 ham [0.93796051 0.06203949]
317 ham [9.99975790e-01 2.42102808e-05]
318 ham [0.99617161 0.00382839]
319 spam [3.47345967e-11 1.00000000e+00]
320 ham [0.99332604 0.00667396]
321 ham [9.99848849e-01 1.51150517e-04]
322 ham [9.99981318e-01 1.86818672e-05]
323 ham [0.99762476 0.00237524]
324 ham [9.99998901e-01 1.09935972e-06]
325 ham [9.99466420e-01 5.33579579e-04]
326 ham [0.95836091 0.04163909]
327 ham [0.9749665 0.0250335]
328 ham [9.99949983e-01 5.00171245e-05]
329 ham [0.99690244 0.00309756]
330 ham [9.99999802e-01 1.98402599e-07]
331 ham [0.8562963 0.1437037]
332 ham [9.99979723e-01 2.02769825e-05]
333 spam [1.41387998e-05 9.99985861e-01]
334 ham [9.99999981e-01 1.89299386e-08]
335 ham [0.93342194 0.06657806]
336 ham [9.99998544e-01 1.45614888e-06]
337 ham [9.99780943e-01 2.19057003e-04]
338 ham [0.93881521 0.06118479]
339 ham [0.96366686 0.03633314]
340 ham [0.87993617 0.12006383]
341 ham [0.99378079 0.00621921]
342 ham [9.99999987e-01 1.25915859e-08]
343 ham [0.97490741 0.02509259]
344 ham [0.99779618 0.00220382]
345 ham [0.9749897 0.0250103]
346 ham [0.98551244 0.01448756]
347 ham [9.99998683e-01 1.31699103e-06]
348 spam [0.44140893 0.55859107]
349 spam [0.02017093 0.97982907]
350 ham [9.99992819e-01 7.18119375e-06]
351 ham [0.9980396 0.0019604]
352 ham [9.99999897e-01 1.03297090e-07]
353 ham [9.99961316e-01 3.86835566e-05]
354 ham [9.99999999e-01 9.85085509e-10]
355 ham [0.82793989 0.17206011]
356 ham [9.99999252e-01 7.48466547e-07]
357 spam [9.21226624e-14 1.00000000e+00]
358 spam [0.00566093 0.99433907]
359 ham [1.00000000e+00 9.58929442e-11]
360 ham [9.99999881e-01 1.19187815e-07]
361 ham [0.80039663 0.19960337]
362 ham [0.99316673 0.00683327]
363 ham [0.8904465 0.1095535]
364 ham [0.99869558 0.00130442]
365 ham [1.00000000e+00 1.29532114e-17]
366 ham [9.99999809e-01 1.91096742e-07]
367 spam [4.32992594e-09 9.99999996e-01]
368 spam [1.58094313e-05 9.99984191e-01]
369 ham [0.95894686 0.04105314]
370 ham [0.99875867 0.00124133]
371 ham [1.00000000e+00 1.71608447e-15]
372 ham [9.99994744e-01 5.25603316e-06]
373 ham [9.99506398e-01 4.93602232e-04]
374 ham [1.00000000e+00 1.58393018e-20]
375 spam [0.01026403 0.98973597]
376 ham [9.99173014e-01 8.26985543e-04]
377 ham [0.97193873 0.02806127]
378 ham [9.99986796e-01 1.32044640e-05]
379 ham [0.99620206 0.00379794]
380 ham [9.99999883e-01 1.16778642e-07]
381 ham [1.00000000e+00 2.88590417e-16]
382 ham [9.99960023e-01 3.99767381e-05]
383 ham [0.99592132 0.00407868]
384 ham [9.99967889e-01 3.21105882e-05]
385 spam [2.73813235e-04 9.99726187e-01]
386 ham [0.87729316 0.12270684]
387 ham [0.99708505 0.00291495]
388 ham [9.99882889e-01 1.17111262e-04]
389 spam [1.46138643e-09 9.99999999e-01]
390 ham [9.99787034e-01 2.12965930e-04]
391 ham [0.96692061 0.03307939]
392 ham [9.99963730e-01 3.62702316e-05]
393 ham [0.99818364 0.00181636]
394 ham [1.00000000e+00 1.89270498e-16]
395 ham [9.99963243e-01 3.67570052e-05]
396 ham [0.98966786 0.01033214]
397 ham [9.99999929e-01 7.12707403e-08]
398 ham [1.00000000e+00 3.00936175e-11]
399 ham [9.99999947e-01 5.28059889e-08]
400 ham [0.99353403 0.00646597]
401 spam [2.56966037e-07 9.99999743e-01]
402 ham [9.99847318e-01 1.52682332e-04]
403 ham [0.97698514 0.02301486]
404 ham [0.99871987 0.00128013]
405 ham [0.99677518 0.00322482]
406 ham [9.99951923e-01 4.80768423e-05]
407 ham [9.99999971e-01 2.88327723e-08]
408 ham [0.9286984 0.0713016]
409 ham [0.75471405 0.24528595]
410 ham [0.878671 0.121329]
411 ham [9.99992517e-01 7.48316478e-06]
412 ham [9.99958668e-01 4.13321510e-05]
413 ham [0.82079062 0.17920938]
414 ham [0.96527332 0.03472668]
415 spam [0.01369413 0.98630587]
416 ham [0.98244801 0.01755199]
417 ham [0.99666116 0.00333884]
418 spam [3.22370182e-05 9.99967763e-01]
419 ham [9.99962853e-01 3.71474421e-05]
420 spam [5.88914025e-06 9.99994111e-01]
421 ham [0.66798662 0.33201338]
422 spam [0.2792091 0.7207909]
423 ham [0.94963443 0.05036557]
424 spam [5.9767337e-08 9.9999994e-01]
425 ham [0.99797112 0.00202888]
426 ham [0.99822535 0.00177465]
427 ham [0.97850338 0.02149662]
428 ham [0.58449868 0.41550132]
429 ham [9.99999962e-01 3.80784619e-08]
430 ham [9.99927055e-01 7.29449937e-05]
431 ham [0.98059712 0.01940288]
432 ham [0.9870267 0.0129733]
433 spam [7.21476626e-08 9.99999928e-01]
434 ham [0.68492809 0.31507191]
435 ham [0.96387678 0.03612322]
436 ham [0.99270368 0.00729632]
437 ham [9.99121027e-01 8.78972782e-04]
438 ham [0.99789651 0.00210349]
439 ham [9.9984943e-01 1.5056975e-04]
440 ham [9.99999861e-01 1.39422740e-07]
441 ham [9.99255671e-01 7.44329245e-04]
442 ham [0.99470499 0.00529501]
443 ham [9.99999984e-01 1.64313044e-08]
444 ham [0.96055572 0.03944428]
445 spam [0.14548626 0.85451374]
446 ham [9.99999969e-01 3.11372021e-08]
447 ham [9.99549010e-01 4.50989519e-04]
448 ham [9.99999954e-01 4.63902920e-08]
449 ham [9.99510405e-01 4.89594858e-04]
450 ham [0.7936482 0.2063518]
451 ham [0.74984045 0.25015955]
452 ham [9.99998222e-01 1.77828252e-06]
453 ham [0.9939939 0.0060061]
454 ham [9.99999999e-01 1.11199933e-09]
455 spam [0.0223694 0.9776306]
456 ham [9.99716008e-01 2.83992037e-04]
457 ham [0.97717362 0.02282638]
458 ham [9.99999873e-01 1.26784046e-07]
459 ham [9.99997046e-01 2.95396814e-06]
460 ham [9.99997021e-01 2.97862259e-06]
461 ham [9.99999199e-01 8.00911746e-07]
462 ham [0.93855068 0.06144932]
463 spam [1.12139892e-06 9.99998879e-01]
464 ham [0.98282697 0.01717303]
465 ham [9.99955755e-01 4.42445570e-05]
466 ham [9.99999997e-01 2.52916034e-09]
467 ham [9.99838763e-01 1.61237153e-04]
468 ham [9.99453108e-01 5.46891844e-04]
469 ham [0.98306462 0.01693538]
470 ham [9.99645548e-01 3.54451650e-04]
471 spam [1.52170156e-04 9.99847830e-01]
472 ham [9.99802499e-01 1.97500899e-04]
473 ham [1.00000000e+00 1.09239228e-13]
474 spam [8.43917921e-06 9.99991561e-01]
475 ham [0.99369283 0.00630717]
476 ham [9.99962965e-01 3.70348474e-05]
477 ham [0.99604669 0.00395331]
478 ham [0.74984045 0.25015955]
479 ham [9.99991592e-01 8.40811115e-06]
480 ham [9.99990368e-01 9.63244275e-06]
481 ham [0.99406276 0.00593724]
482 ham [9.99999251e-01 7.49429534e-07]
483 ham [0.90046659 0.09953341]
484 ham [9.99949953e-01 5.00469421e-05]
485 spam [0.47096889 0.52903111]
486 ham [0.99714846 0.00285154]
487 spam [1.58561878e-09 9.99999998e-01]
488 ham [0.99841188 0.00158812]
489 ham [9.9999872e-01 1.2800682e-06]
490 ham [9.99991606e-01 8.39442885e-06]
491 ham [1.0000000e+00 7.5919379e-11]
492 spam [0.01171018 0.98828982]
493 ham [0.96195203 0.03804797]
494 ham [0.99695209 0.00304791]
495 ham [0.99762379 0.00237621]
496 ham [0.92301649 0.07698351]
497 ham [9.99999655e-01 3.44892050e-07]
498 ham [9.99958860e-01 4.11399576e-05]
499 ham [0.87356732 0.12643268]
500 ham [0.99875182 0.00124818]
501 ham [9.99988255e-01 1.17445712e-05]
502 ham [9.9927332e-01 7.2668021e-04]
503 ham [0.73570527 0.26429473]
504 ham [0.98596866 0.01403134]
505 spam [9.1769544e-05 9.9990823e-01]
506 ham [9.99999998e-01 2.27259730e-09]
507 ham [0.98105413 0.01894587]
508 ham [1.00000000e+00 4.03698369e-11]
509 ham [0.94004424 0.05995576]
510 spam [0.02491569 0.97508431]
511 ham [9.99999959e-01 4.12062056e-08]
512 ham [0.60124618 0.39875382]
513 ham [0.99301649 0.00698351]
514 ham [0.85777781 0.14222219]
515 spam [1.54824228e-04 9.99845176e-01]
516 ham [0.70940547 0.29059453]
517 spam [9.09622409e-07 9.99999090e-01]
518 spam [0.21491201 0.78508799]
519 ham [1.00000000e+00 2.46095757e-10]
520 ham [9.99982056e-01 1.79441370e-05]
521 ham [0.9979033 0.0020967]
522 ham [9.99370668e-01 6.29331753e-04]
523 ham [0.99340283 0.00659717]
524 ham [0.99314131 0.00685869]
525 spam [6.34056872e-07 9.99999366e-01]
526 ham [9.99988169e-01 1.18314478e-05]
527 spam [1.6769812e-05 9.9998323e-01]
528 ham [9.99267362e-01 7.32637945e-04]
529 spam [0.20997739 0.79002261]
530 ham [0.9894905 0.0105095]
531 spam [1.04361501e-08 9.99999990e-01]
532 ham [0.9948412 0.0051588]
533 ham [0.98466023 0.01533977]
534 ham [0.92828616 0.07171384]
535 ham [1.00000000e+00 2.76420994e-17]
536 ham [1.000000e+00 2.682071e-13]
537 ham [9.99989512e-01 1.04882415e-05]
538 ham [9.99964885e-01 3.51154575e-05]
539 ham [9.99945304e-01 5.46955168e-05]
540 ham [9.99596293e-01 4.03706893e-04]
541 spam [0.02443928 0.97556072]
542 ham [0.99567671 0.00432329]
543 ham [9.99999861e-01 1.38628028e-07]
544 ham [0.94986801 0.05013199]
545 ham [9.99953929e-01 4.60711379e-05]
546 ham [0.89029358 0.10970642]
547 ham [1.00000000e+00 1.58174095e-15]
548 ham [9.99312329e-01 6.87671215e-04]
549 ham [0.85977734 0.14022266]
550 ham [1.00000000e+00 1.77552281e-11]
551 ham [1.00000e+00 1.43577e-17]
552 ham [0.77761832 0.22238168]
553 ham [0.99824116 0.00175884]
554 ham [1.00000000e+00 1.52897593e-10]
555 ham [9.99176084e-01 8.23916108e-04]
556 ham [0.91840547 0.08159453]
557 ham [0.99388831 0.00611169]
558 ham [9.99999628e-01 3.72341884e-07]
559 ham [9.99982989e-01 1.70111047e-05]
560 ham [9.99999980e-01 1.97436756e-08]
561 ham [0.98894392 0.01105608]
562 ham [0.95709574 0.04290426]
563 ham [9.99999974e-01 2.56153422e-08]
564 spam [4.10329826e-08 9.99999959e-01]
565 ham [1.00000000e+00 4.95414109e-20]
566 ham [9.99187065e-01 8.12935067e-04]
567 ham [0.97885613 0.02114387]
568 ham [1.00000000e+00 1.38340442e-16]
569 ham [9.99999087e-01 9.13422165e-07]
570 ham [0.68235311 0.31764689]
571 ham [1.00000000e+00 1.47267576e-10]
572 ham [9.99986530e-01 1.34702767e-05]
573 ham [0.9974646 0.0025354]
574 ham [0.87785685 0.12214315]
575 ham [0.98143848 0.01856152]
576 spam [0.01924701 0.98075299]
577 ham [9.99999880e-01 1.20256624e-07]
578 ham [9.99982888e-01 1.71124228e-05]
579 spam [4.92619545e-05 9.99950738e-01]
580 ham [0.96743501 0.03256499]
581 ham [0.99876949 0.00123051]
582 ham [9.99998044e-01 1.95633271e-06]
583 spam [1.89033328e-06 9.99998110e-01]
584 ham [9.99999565e-01 4.35256987e-07]
585 ham [9.99532701e-01 4.67299147e-04]
586 ham [9.99992101e-01 7.89879223e-06]
587 ham [9.99743489e-01 2.56511351e-04]
588 ham [0.82188289 0.17811711]
589 ham [0.79914715 0.20085285]
590 ham [9.99821001e-01 1.78999456e-04]
591 spam [0.04105156 0.95894844]
592 spam [3.48566881e-05 9.99965143e-01]
593 spam [2.51277391e-07 9.99999749e-01]
594 ham [0.97924091 0.02075909]
595 ham [9.99999800e-01 1.99913545e-07]
596 ham [9.99627627e-01 3.72372996e-04]
597 ham [9.99109516e-01 8.90484014e-04]
598 spam [2.14179852e-04 9.99785820e-01]
599 ham [9.99756068e-01 2.43931720e-04]
600 ham [0.99644889 0.00355111]
601 ham [0.64262977 0.35737023]
602 ham [9.99993446e-01 6.55352162e-06]
603 ham [0.96180999 0.03819001]
604 ham [9.99800585e-01 1.99415393e-04]
605 ham [0.98454683 0.01545317]
606 ham [0.5331683 0.4668317]
607 spam [0.01023054 0.98976946]
608 ham [9.99999896e-01 1.04319294e-07]
609 ham [0.86070933 0.13929067]
610 ham [0.99305692 0.00694308]
611 spam [4.78816853e-04 9.99521183e-01]
612 ham [9.99998768e-01 1.23237296e-06]
613 ham [0.99170202 0.00829798]
614 spam [2.37353302e-05 9.99976265e-01]
615 ham [9.99988027e-01 1.19727353e-05]
616 ham [9.99999999e-01 5.42773036e-10]
617 ham [9.99999999e-01 7.26370023e-10]
618 ham [0.97006562 0.02993438]
619 ham [9.99462816e-01 5.37183902e-04]
620 ham [0.99802965 0.00197035]
621 ham [9.99892638e-01 1.07361764e-04]
622 ham [9.99808472e-01 1.91527949e-04]
623 spam [0.00285748 0.99714252]
624 ham [9.99875652e-01 1.24348095e-04]
625 ham [0.99869048 0.00130952]
626 ham [0.99827277 0.00172723]
627 ham [9.99986499e-01 1.35010850e-05]
628 ham [1.00000000e+00 1.22311084e-11]
629 spam [0.00118371 0.99881629]
630 spam [4.08871610e-05 9.99959113e-01]
631 ham [9.99809287e-01 1.90713292e-04]
632 ham [0.92387328 0.07612672]
633 ham [9.99998665e-01 1.33489879e-06]
634 spam [0.46340218 0.53659782]
635 spam [0.00178918 0.99821082]
636 ham [0.9971706 0.0028294]
637 ham [9.99999623e-01 3.77292144e-07]
638 ham [0.98032932 0.01967068]
639 ham [9.99992418e-01 7.58235111e-06]
640 ham [9.99852466e-01 1.47534462e-04]
641 ham [9.99998380e-01 1.62046805e-06]
642 ham [9.99998840e-01 1.15965236e-06]
643 ham [0.99831031 0.00168969]
644 ham [0.98958579 0.01041421]
645 ham [9.99989705e-01 1.02949222e-05]
646 ham [9.99432193e-01 5.67807191e-04]
647 ham [1.00000000e+00 1.68397535e-10]
648 spam [4.93507902e-07 9.99999506e-01]
649 ham [0.99888881 0.00111119]
650 spam [0.00853671 0.99146329]
651 ham [0.96978399 0.03021601]
652 ham [9.99999975e-01 2.52660132e-08]
653 ham [9.99999428e-01 5.71862467e-07]
654 ham [9.99813915e-01 1.86085365e-04]
655 ham [9.99875540e-01 1.24459594e-04]
656 ham [0.9937063 0.0062937]
657 ham [1.00000000e+00 1.10671389e-11]
658 ham [9.99994917e-01 5.08301675e-06]
659 ham [9.99995157e-01 4.84339236e-06]
660 spam [0.11062865 0.88937135]
661 ham [9.99909579e-01 9.04211980e-05]
662 ham [0.9153522 0.0846478]
663 ham [9.99986968e-01 1.30316926e-05]
664 ham [0.93618644 0.06381356]
665 ham [0.99408791 0.00591209]
666 ham [0.76865088 0.23134912]
667 ham [9.99999848e-01 1.51816854e-07]
668 ham [0.9221049 0.0778951]
669 ham [0.98404484 0.01595516]
670 ham [0.99387942 0.00612058]
671 spam [0.43668795 0.56331205]
672 spam [0.01640176 0.98359824]
673 spam [2.21956719e-07 9.99999778e-01]
674 ham [1.00000000e+00 4.10131933e-11]
675 ham [9.99991825e-01 8.17452652e-06]
676 ham [9.99976977e-01 2.30233391e-05]
677 ham [9.99612559e-01 3.87441123e-04]
678 ham [9.99995369e-01 4.63095279e-06]
679 ham [0.83862271 0.16137729]
680 ham [9.99998195e-01 1.80519014e-06]
681 ham [9.99875563e-01 1.24437300e-04]
682 ham [0.77292756 0.22707244]
683 ham [0.9912383 0.0087617]
684 ham [9.99999999e-01 9.89473772e-10]
685 ham [9.99999991e-01 9.21089045e-09]
686 ham [0.99878382 0.00121618]
687 ham [9.99528197e-01 4.71803140e-04]
688 ham [1.00000000e+00 2.95502636e-10]
689 ham [9.99727488e-01 2.72512217e-04]
690 ham [0.9764667 0.0235333]
691 ham [0.93035839 0.06964161]
692 ham [9.99995762e-01 4.23762891e-06]
693 ham [9.99998588e-01 1.41190998e-06]
694 ham [9.99917816e-01 8.21841328e-05]
695 ham [9.99986740e-01 1.32599919e-05]
696 ham [9.99587530e-01 4.12469644e-04]
697 ham [0.99890032 0.00109968]
698 ham [9.99999811e-01 1.88925661e-07]
699 ham [0.98879738 0.01120262]
700 ham [0.95204186 0.04795814]
701 ham [0.99865 0.00135]
702 ham [0.96448387 0.03551613]
703 ham [9.99507268e-01 4.92732412e-04]
704 ham [9.99999995e-01 5.09061749e-09]
705 ham [9.99993178e-01 6.82203004e-06]
706 ham [9.99999990e-01 1.02378583e-08]
707 ham [9.99908418e-01 9.15822848e-05]
708 ham [0.99899754 0.00100246]
709 spam [2.12237993e-05 9.99978776e-01]
710 spam [1.06145021e-10 1.00000000e+00]
711 ham [9.99999859e-01 1.41399515e-07]
712 ham [1.00000000e+00 2.59906388e-16]
713 spam [0.08171822 0.91828178]
714 ham [9.99997919e-01 2.08094706e-06]
715 ham [9.99994247e-01 5.75290365e-06]
716 ham [9.99978953e-01 2.10467035e-05]
717 spam [0.05653116 0.94346884]
718 ham [9.99999890e-01 1.09946749e-07]
719 spam [6.6403765e-11 1.0000000e+00]
720 ham [9.99999997e-01 3.35057768e-09]
721 ham [0.9989412 0.0010588]
722 ham [0.99169743 0.00830257]
723 ham [0.9541003 0.0458997]
724 ham [0.98411022 0.01588978]
725 ham [1.0000000e+00 6.8427933e-15]
726 ham [0.99399426 0.00600574]
727 ham [1.00000000e+00 6.29071788e-16]
728 ham [0.99569856 0.00430144]
729 ham [0.97200249 0.02799751]
730 ham [0.98771672 0.01228328]
731 spam [0.08373249 0.91626751]
732 ham [0.9975614 0.0024386]
733 ham [9.99999981e-01 1.90208532e-08]
734 ham [9.99987675e-01 1.23246700e-05]
735 ham [9.99621895e-01 3.78105162e-04]
736 ham [9.99884359e-01 1.15641183e-04]
737 ham [9.99083691e-01 9.16309480e-04]
738 spam [3.01604296e-05 9.99969840e-01]
739 ham [9.99822858e-01 1.77141540e-04]
740 ham [9.99993255e-01 6.74497992e-06]
741 ham [9.99971589e-01 2.84109934e-05]
742 ham [9.99979970e-01 2.00297573e-05]
743 ham [1.0000000e+00 5.8039135e-16]
744 ham [0.88831997 0.11168003]
745 ham [0.96886409 0.03113591]
746 ham [9.99772611e-01 2.27389353e-04]
747 ham [9.99999990e-01 1.01361261e-08]
748 spam [0.12982429 0.87017571]
749 ham [9.99997901e-01 2.09891666e-06]
